0.199   0.000   -0.002
0.213   0.000   -0.002
0.085   0.000   -0.002
0.077   0.000   -0.002
0.111   0.000   -0.002
0.085   0.000   -0.002
0.110   0.000   -0.002
0.105   0.000   -0.002
0.101   0.000   -0.002
0.108   0.000   -0.002
0.091   0.000   -0.002
0.083   0.000   -0.002
0.126   0.000   -0.002
0.099   0.000   -0.002
0.082   0.000   -0.002
0.190   0.000   -0.002
0.125   0.000   -0.002
0.096   0.000   -0.002
0.084   0.000   -0.002
0.104   0.000   -0.002
0.081   0.000   -0.002
0.124   0.000   -0.002
0.084   0.000   -0.002
0.090   0.000   -0.002
0.088   0.000   -0.002
0.085   0.000   -0.002
0.092   0.000   -0.003
0.084   0.000   -0.002
0.081   0.000   -0.002
0.129   0.000   -0.003
0.084   0.000   -0.003
0.076   0.000   -0.005
0.090   0.000   -0.005
0.093   0.000   -0.005
0.094   0.000   -0.005
0.133   0.049   -0.005
0.089   0.049   -0.005
0.114   0.049   -0.005
0.091   0.098   -0.006
0.098   0.148   -0.005
0.090   0.198   -0.005
0.091   0.247   -0.006
0.079   0.247   -0.006
0.128   0.346   -0.007
0.088   0.346   -0.011
0.084   0.396   -0.014
0.126   0.445   -0.014
0.103   0.445   -0.014
0.079   0.494   -0.014
0.082   0.544   -0.014
0.100   0.544   -0.013
0.085   0.594   -0.010
0.086   0.643   -0.011
0.081   0.643   -0.011
0.221   0.742   -0.011
0.089   0.742   -0.011
0.106   0.792   -0.012
0.091   0.842   -0.014
0.094   0.842   -0.014
0.087   0.892   -0.015
0.082   0.941   -0.015
0.124   1.040   -0.015
0.096   1.040   -0.015
0.092   1.090   -0.015
0.126   1.139   -0.015
0.085   1.139   -0.015
0.119   1.238   -0.015
0.083   1.238   -0.016
0.088   1.288   -0.020
0.090   1.337   -0.022
0.087   1.337   -0.022
0.096   1.386   -0.022
0.088   1.436   -0.022
0.115   1.436   -0.025
0.127   1.486   -0.025
0.120   1.535   -0.024
0.139   1.535   -0.025
0.077   1.634   -0.027
0.101   1.634   -0.031
0.123   1.634   -0.036
0.126   1.733   -0.039
0.122   1.733   -0.042
0.151   1.733   -0.044
0.188   1.832   -0.044
0.123   1.832   -0.044
0.093   1.931   -0.044
0.150   1.931   -0.044
0.105   1.931   -0.044
0.123   1.931   -0.043
0.123   2.030   -0.043
0.130   2.030   -0.043
0.082   2.030   -0.043
0.125   2.030   -0.043
0.087   2.080   -0.043
0.142   2.129   -0.044
0.172   2.129   -0.043
0.077   2.129   -0.043
0.128   2.129   -0.043
0.080   2.129   -0.039
0.145   2.129   -0.031
0.145   2.229   -0.016
0.080   2.229   -0.016
0.083   2.229   -0.009
0.120   2.229   -0.002
0.088   2.229   0.005
0.116   2.229   0.013
0.130   2.279   0.020
0.084   2.279   0.026
0.179   2.279   0.032
0.116   2.279   0.034
0.102   2.279   0.034
0.123   2.328   0.033
0.121   2.377   0.033
0.175   2.377   0.031
0.103   2.377   0.026
0.108   2.377   0.023
0.150   2.377   0.018
0.106   2.377   0.013
0.182   2.427   0.009
0.097   2.427   0.004
0.094   2.477   0.001
0.095   2.477   -0.001
0.135   2.477   -0.002
0.092   2.526   0.002
0.118   2.477   0.009
0.081   2.477   0.010
0.090   2.477   0.012
0.121   2.526   0.014
0.079   2.477   0.012
0.126   2.526   0.009
0.063   2.526   0.003
0.093   2.526   -0.000
0.088   2.526   -0.003
0.090   2.526   -0.005
0.086   2.477   -0.007
0.095   2.526   -0.008
0.091   2.477   -0.010
0.102   2.526   -0.012
0.079   2.526   -0.012
0.235   2.477   -0.018
0.078   2.477   -0.019
0.088   2.427   -0.020
0.099   2.477   -0.023
0.125   2.427   -0.025
0.099   2.427   -0.025
0.103   2.427   -0.021
0.121   2.427   -0.014
0.117   2.427   -0.009
0.117   2.427   -0.006
0.122   2.427   -0.003
0.123   2.377   -0.003
0.081   2.377   -0.005
0.088   2.328   -0.007
0.128   2.229   -0.013
0.079   2.229   -0.013
0.115   2.179   -0.020
0.083   2.129   -0.026
0.155   2.030   -0.033
0.101   2.030   -0.039
0.131   1.931   -0.044
0.100   1.931   -0.049
0.080   1.931   -0.055
0.124   1.882   -0.060
0.092   1.832   -0.062
0.085   1.832   -0.063
0.084   1.832   -0.063
0.090   1.832   -0.063
0.088   1.832   -0.063
0.093   1.783   -0.063
0.080   1.783   -0.063
0.089   1.733   -0.063
0.088   1.733   -0.063
0.262   1.733   -0.063
0.089   1.733   -0.062
0.127   1.733   -0.062
0.082   1.733   -0.062
0.121   1.733   -0.061
0.098   1.733   -0.058
0.106   1.733   -0.053
0.084   1.733   -0.051
0.132   1.733   -0.045
0.189   1.733   -0.039
0.100   1.783   -0.040
0.106   1.832   -0.039
0.130   1.832   -0.037
0.095   1.832   -0.032
0.078   1.832   -0.030
0.081   1.832   -0.029
0.109   1.832   -0.028
0.110   1.931   -0.028
0.103   1.931   -0.028
0.123   1.931   -0.027
0.084   1.931   -0.026
0.180   1.931   -0.025
0.122   2.030   -0.024
0.116   2.030   -0.024
0.085   2.030   -0.024
0.122   2.030   -0.024
0.142   2.030   -0.024
0.094   2.129   -0.024
0.158   2.129   -0.024
0.082   2.129   -0.024
0.085   2.129   -0.024
0.086   2.129   -0.024
0.096   2.129   -0.024
0.101   2.129   -0.024
0.175   2.129   -0.024
0.110   2.129   -0.023
0.101   2.129   -0.022
0.165   2.129   -0.018
0.097   2.129   -0.011
0.142   2.129   -0.005
0.078   2.129   0.000
0.086   2.129   0.005
0.091   2.129   0.009
0.226   2.129   0.016
0.221   2.079   0.017
0.098   2.079   0.020
0.100   2.079   0.025
0.110   2.079   0.029
0.147   2.079   0.033
0.136   2.079   0.034
0.090   2.079   0.034
0.108   2.079   0.034
0.118   2.079   0.034
0.085   2.079   0.034
0.103   2.079   0.034
0.122   2.079   0.033
0.083   2.079   0.033
0.122   2.079   0.032
0.147   2.079   0.027
0.088   2.079   0.021
0.106   2.079   0.014
0.091   2.079   0.012
0.137   2.079   0.001
0.120   2.030   -0.005
0.115   2.030   -0.011
0.106   2.030   -0.013
0.124   2.030   -0.015
0.086   2.030   -0.015
0.116   2.030   -0.015
0.176   2.030   -0.015
0.093   2.030   -0.015
0.106   2.030   -0.015
0.152   2.030   -0.014
0.120   2.030   -0.014
0.088   2.030   -0.014
0.120   2.030   -0.014
0.090   2.030   -0.014
0.084   2.030   -0.014
0.082   2.030   -0.014
0.087   2.030   -0.014
0.094   2.030   -0.014
0.106   2.030   -0.015
0.090   2.079   -0.015
0.092   2.079   -0.015
0.095   2.079   -0.016
0.095   2.079   -0.019
0.109   2.030   -0.024
0.088   2.079   -0.030
0.108   2.030   -0.037
0.102   2.030   -0.043
0.077   2.030   -0.043
0.127   2.080   -0.047
0.091   2.080   -0.051
0.088   2.080   -0.054
0.087   2.080   -0.052
0.089   2.080   -0.052
0.114   2.080   -0.049
0.120   2.129   -0.044
0.139   2.129   -0.042
0.099   2.129   -0.042
0.133   2.129   -0.040
0.096   2.129   -0.037
0.080   2.129   -0.037
0.079   2.129   -0.036
0.089   2.129   -0.036
0.117   2.129   -0.035
0.090   2.129   -0.033
0.101   2.179   -0.033
0.082   2.229   -0.033
0.090   2.129   -0.033
0.095   2.229   -0.033
0.126   2.229   -0.033
0.078   2.229   -0.033
0.168   2.229   -0.033
0.090   2.229   -0.032
0.091   2.229   -0.029
0.078   2.229   -0.029
0.132   2.229   -0.024
0.079   2.229   -0.023
0.101   2.229   -0.024
0.109   2.229   -0.024
0.126   2.229   -0.025
0.131   2.229   -0.025
0.145   2.229   -0.025
0.132   2.229   -0.025
0.129   2.229   -0.025
0.096   2.229   -0.025
0.085   2.229   -0.025
0.091   2.229   -0.025
0.133   2.179   -0.025
0.110   2.229   -0.025
0.094   2.129   -0.025
0.101   2.129   -0.026
0.081   2.129   -0.026
0.099   2.129   -0.026
0.089   2.129   -0.025
0.085   2.129   -0.023
0.088   2.129   -0.018
0.080   2.129   -0.017
0.083   2.129   -0.011
0.126   2.079   -0.003
0.090   2.079   0.004
0.118   2.079   0.010
0.092   2.079   0.015
0.084   2.079   0.018
0.082   2.079   0.018
0.094   2.079   0.020
0.091   2.079   0.020
0.093   2.079   0.022
0.089   2.079   0.023
0.076   2.079   0.023
0.087   2.079   0.023
0.089   2.079   0.022
0.088   2.079   0.022
0.106   2.079   0.022
0.172   1.981   0.022
0.134   2.030   0.022
0.097   1.981   0.022
0.080   1.981   0.022
0.075   1.981   0.018
0.112   1.981   0.018
0.079   1.981   0.018
0.091   1.931   0.018
0.109   1.882   0.015
0.114   1.783   0.011
0.123   1.733   0.006
0.091   1.634   0.001
0.118   1.535   -0.001
0.091   1.486   -0.003
0.163   1.436   -0.005
0.155   1.436   -0.005
0.120   1.436   -0.008
0.085   1.436   -0.012
0.122   1.436   -0.018
0.112   1.486   -0.023
0.123   1.535   -0.029
0.087   1.634   -0.033
0.121   1.733   -0.034
0.116   1.733   -0.034
0.079   1.733   -0.034
0.091   1.733   -0.034
0.088   1.733   -0.034
0.080   1.832   -0.033
0.087   1.832   -0.030
0.084   1.832   -0.027
0.112   1.832   -0.022
0.139   1.931   -0.020
0.088   1.931   -0.020
0.097   1.931   -0.020
0.083   2.030   -0.020
0.118   2.030   -0.020
0.097   2.030   -0.020
0.086   2.030   -0.021
0.086   2.030   -0.021
0.092   2.129   -0.022
0.086   2.129   -0.022
0.088   2.129   -0.022
0.087   2.129   -0.022
0.089   2.129   -0.022
0.094   2.229   -0.024
0.107   2.229   -0.025
0.089   2.229   -0.026
0.081   2.229   -0.026
0.153   2.328   -0.029
0.092   2.328   -0.031
0.086   2.328   -0.031
0.097   2.328   -0.032
0.203   2.427   -0.032
0.085   2.427   -0.032
0.158   2.427   -0.030
0.090   2.427   -0.028
0.086   2.427   -0.027
0.134   2.526   -0.019
0.108   2.526   -0.018
0.075   2.526   -0.018
0.093   2.526   -0.017
0.103   2.526   -0.017
0.088   2.575   -0.017
0.092   2.575   -0.017
0.088   2.625   -0.017
0.102   2.625   -0.010
0.159   2.625   -0.009
0.086   2.625   -0.005
0.081   2.625   -0.005
0.112   2.675   -0.002
0.127   2.675   -0.001
0.166   2.675   -0.001
0.078   2.675   -0.001
0.081   2.675   -0.001
0.102   2.724   -0.001
0.080   2.675   -0.001
0.124   2.675   0.000
0.110   2.675   0.003
0.114   2.675   0.004
0.151   2.675   0.003
0.130   2.675   0.001
0.086   2.675   -0.003
0.132   2.724   -0.006
0.092   2.724   -0.005
0.098   2.724   -0.006
0.100   2.724   -0.006
0.091   2.724   -0.006
0.135   2.724   -0.010
0.087   2.724   -0.011
0.084   2.724   -0.015
0.124   2.724   -0.018
0.090   2.724   -0.019
0.095   2.724   -0.019
0.088   2.724   -0.020
0.097   2.724   -0.023
0.126   2.724   -0.027
0.090   2.724   -0.028
0.125   2.625   -0.029
0.088   2.724   -0.031
0.103   2.625   -0.032
0.130   2.625   -0.033
0.088   2.625   -0.035
0.128   2.625   -0.035
0.163   2.625   -0.036
0.098   2.625   -0.037
0.111   2.625   -0.037
0.147   2.625   -0.037
0.120   2.625   -0.037
0.097   2.625   -0.037
0.146   2.625   -0.037
0.085   2.625   -0.037
0.118   2.625   -0.037
0.140   2.674   -0.037
0.142   2.724   -0.037
0.100   2.724   -0.037
0.113   2.724   -0.037
0.102   2.724   -0.037
0.094   2.724   -0.037
0.092   2.724   -0.037
0.083   2.674   -0.037
0.078   2.674   -0.037
0.076   2.724   -0.034
0.091   2.625   -0.033
0.094   2.575   -0.033
0.090   2.576   -0.031
0.084   2.576   -0.028
0.129   2.625   -0.022
0.078   2.575   -0.015
0.088   2.575   -0.013
0.134   2.575   -0.014
0.122   2.526   -0.012
0.088   2.526   -0.010
0.086   2.526   -0.008
0.097   2.526   -0.007
0.108   2.526   -0.004
0.094   2.477   -0.003
0.082   2.427   -0.003
0.080   2.427   -0.003
0.077   2.427   -0.003
0.091   2.377   -0.003
0.200   2.377   -0.002
0.116   2.377   -0.002
0.096   2.377   -0.002
0.080   2.377   -0.002
0.140   2.328   -0.002
0.097   2.377   -0.002
0.086   2.377   -0.002
0.084   2.377   -0.002
0.145   2.377   -0.003
0.121   2.427   -0.005
0.083   2.427   -0.007
0.131   2.477   -0.009
0.136   2.427   -0.013
0.119   2.477   -0.018
0.080   2.526   -0.022
0.252   2.526   -0.024
0.091   2.526   -0.024
0.080   2.526   -0.024
0.082   2.526   -0.025
0.081   2.625   -0.025
0.077   2.625   -0.025
0.090   2.625   -0.025
0.118   2.625   -0.029
0.092   2.625   -0.034
0.143   2.674   -0.037
0.093   2.724   -0.038
0.132   2.724   -0.037
0.185   2.774   -0.035
0.094   2.823   -0.036
0.140   2.823   -0.037
0.096   2.823   -0.040
0.142   2.823   -0.045
0.100   2.873   -0.049
0.082   2.873   -0.050
0.118   2.873   -0.055
0.083   2.923   -0.058
0.138   2.923   -0.062
0.096   2.923   -0.067
0.103   2.972   -0.071
0.083   2.923   -0.073
0.095   2.972   -0.073
0.092   2.923   -0.073
0.269   2.972   -0.073
0.083   2.923   -0.073
0.112   2.873   -0.073
0.081   2.873   -0.073
0.182   2.873   -0.084
0.111   2.873   -0.090
0.146   2.824   -0.091
0.196   2.774   -0.088
0.081   2.774   -0.088
0.126   2.774   -0.079
0.087   2.774   -0.074
0.093   2.724   -0.069
0.085   2.724   -0.067
0.115   2.724   -0.065
0.077   2.724   -0.065
0.083   2.724   -0.063
0.145   2.724   -0.059
0.106   2.724   -0.055
0.092   2.674   -0.051
0.084   2.674   -0.050
0.106   2.625   -0.050
0.104   2.625   -0.050
0.088   2.625   -0.050
0.088   2.625   -0.050
0.091   2.576   -0.049
0.163   2.526   -0.045
0.149   2.526   -0.035
0.096   2.526   -0.033
0.124   2.526   -0.031
0.083   2.526   -0.031
0.122   2.427   -0.031
0.123   2.427   -0.031
0.086   2.427   -0.031
0.118   2.427   -0.031
0.077   2.427   -0.031
0.100   2.328   -0.031
0.126   2.328   -0.031
0.106   2.328   -0.031
0.090   2.328   -0.031
0.086   2.328   -0.031
0.122   2.229   -0.031
0.091   2.229   -0.030
0.084   2.229   -0.028
0.080   2.229   -0.025
0.125   2.229   -0.020
0.081   2.229   -0.020
0.079   2.129   -0.020
0.093   2.129   -0.020
0.074   2.129   -0.020
0.080   2.129   -0.018
0.151   2.129   -0.010
0.084   2.079   -0.006
0.092   2.030   -0.004
0.106   2.030   -0.003
0.164   1.981   -0.003
0.112   1.931   -0.003
0.128   1.931   -0.005
0.080   1.931   -0.012
0.088   1.931   -0.019
0.131   1.832   -0.029
0.091   1.832   -0.039
0.160   1.832   -0.050
0.154   1.832   -0.060
0.153   1.783   -0.085
0.115   1.783   -0.098
0.080   1.783   -0.098
0.162   1.684   -0.124
0.108   1.684   -0.132
0.219   1.684   -0.138
0.088   1.684   -0.140
0.090   1.684   -0.142
0.093   1.585   -0.142
0.095   1.585   -0.137
0.147   1.585   -0.129
0.089   1.585   -0.121
0.093   1.585   -0.120
0.161   1.585   -0.110
0.116   1.585   -0.113
0.124   1.585   -0.120
0.089   1.585   -0.127
0.122   1.585   -0.135
0.108   1.585   -0.144
0.109   1.585   -0.155
0.111   1.585   -0.165
0.169   1.585   -0.175
0.090   1.585   -0.186
0.103   1.585   -0.198
0.128   1.585   -0.208
0.086   1.585   -0.215
0.088   1.585   -0.227
0.114   1.585   -0.235
0.116   1.634   -0.242
0.119   1.634   -0.248
0.085   1.634   -0.256
0.102   1.634   -0.260
0.085   1.634   -0.261
0.089   1.634   -0.263
0.086   1.634   -0.262
0.092   1.684   -0.261
0.084   1.684   -0.261
0.082   1.684   -0.261
0.110   1.733   -0.261
0.104   1.733   -0.261
0.130   1.733   -0.261
0.118   1.783   -0.261
0.090   1.832   -0.261
0.092   1.832   -0.261
0.131   1.882   -0.261
0.116   1.931   -0.258
0.080   1.981   -0.251
0.083   1.981   -0.250
0.085   2.030   -0.251
0.119   2.080   -0.255
0.117   2.080   -0.256
0.078   2.080   -0.254
0.117   1.981   -0.254
0.078   1.931   -0.254
0.088   1.981   -0.254
0.091   1.882   -0.254
0.124   1.832   -0.254
0.082   1.783   -0.257
0.157   1.733   -0.261
0.129   1.684   -0.264
0.138   1.634   -0.269
0.102   1.634   -0.275
0.125   1.585   -0.282
0.092   1.585   -0.287
0.113   1.585   -0.293
0.107   1.535   -0.296
0.106   1.535   -0.296
0.157   1.585   -0.295
0.092   1.585   -0.294
0.104   1.585   -0.294
0.126   1.585   -0.294
0.138   1.585   -0.294
0.085   1.585   -0.294
0.088   1.585   -0.294
0.093   1.585   -0.294
0.095   1.585   -0.294
0.110   1.585   -0.294
0.109   1.585   -0.294
0.102   1.585   -0.294
0.112   1.585   -0.294
0.098   1.585   -0.294
0.108   1.585   -0.294
0.142   1.585   -0.294
0.107   1.585   -0.294
0.089   1.585   -0.294
0.092   1.585   -0.294
0.087   1.585   -0.294
0.103   1.585   -0.294
0.158   1.585   -0.289
0.097   1.634   -0.283
0.128   1.733   -0.270
0.117   1.882   -0.095
0.110   1.882   -0.083
0.082   1.931   -0.081
0.134   1.931   -0.082
0.109   1.931   -0.089
0.170   1.931   -0.095
0.086   1.931   -0.096
0.101   1.981   -0.099
0.146   2.030   -0.107
0.087   2.030   -0.116
0.125   2.080   -0.123
0.104   2.080   -0.123
0.092   2.080   -0.123
0.132   2.080   -0.123
0.162   2.080   -0.123
0.088   2.080   -0.123
0.167   2.080   -0.123
0.194   2.080   -0.123
0.184   2.080   -0.123
0.084   2.080   -0.123
0.076   2.080   -0.123
0.090   2.080   -0.123
0.117   2.080   -0.123
0.077   2.080   -0.123
0.097   2.080   -0.123
0.095   2.080   -0.123
0.081   2.080   -0.123
0.101   2.080   -0.123
0.102   2.080   -0.123
0.100   2.080   -0.123
0.130   2.080   -0.123
0.099   2.080   -0.123
0.144   2.080   -0.123
0.097   2.080   -0.123
0.093   2.080   -0.123
0.113   2.080   -0.123
0.182   2.080   -0.123
0.123   2.080   -0.123
0.086   2.080   -0.123
0.136   2.080   -0.123
0.079   2.080   -0.123
0.073   2.080   -0.123
0.154   2.080   -0.123
0.077   2.080   -0.123
0.098   2.080   -0.123
0.081   2.080   -0.123
0.143   2.080   -0.123
0.122   2.080   -0.123
0.089   2.080   -0.123
0.094   2.080   -0.123
0.086   2.080   -0.123
0.103   2.179   -0.139
0.113   2.328   -0.162
0.152   2.229   -0.008
0.103   2.377   0.001
0.120   2.427   0.007
0.081   2.477   0.007
0.081   2.526   0.006
0.087   2.526   0.006
0.091   2.526   0.006
0.110   2.477   0.003
0.090   2.427   0.003
0.088   2.328   0.005
0.082   2.229   0.005
0.112   2.179   0.003
0.095   2.129   0.003
0.088   2.079   0.000
0.083   2.079   -0.004
0.111   2.129   -0.005
0.086   2.129   -0.004
0.149   2.129   -0.005
0.091   2.079   -0.005
0.085   2.079   -0.005
0.095   2.030   -0.005
0.087   1.981   -0.005
0.092   1.931   -0.005
0.084   1.832   -0.005
0.075   1.832   -0.005
0.090   1.783   -0.005
0.089   1.733   -0.005
0.091   1.684   -0.005
0.084   1.684   -0.005
0.098   1.634   -0.005
0.124   1.535   -0.005
0.146   1.486   -0.005
0.163   1.486   -0.005
0.135   1.436   -0.005
0.080   1.486   -0.001
0.126   1.436   0.007
0.163   1.486   0.015
0.136   1.436   0.033
0.110   1.486   0.039
0.085   1.436   0.051
0.138   1.436   0.069
0.120   1.386   0.083
0.094   1.386   0.087
0.086   1.386   0.098
0.145   1.386   0.110
0.098   1.386   0.122
0.093   1.337   0.133
0.093   1.337   0.144
0.115   1.337   0.153
0.110   1.337   0.164
0.091   1.337   0.174
0.105   1.337   0.183
0.083   1.337   0.185
0.153   1.337   0.201
0.082   1.337   0.204
0.091   1.337   0.214
0.105   1.387   0.223
0.125   1.387   0.231
0.094   1.387   0.238
0.088   1.436   0.240
0.084   1.436   0.240
0.108   1.436   0.240
0.086   1.486   0.240
0.089   1.486   0.240
0.128   1.486   0.240
0.090   1.486   0.240
0.081   1.585   0.240
0.086   1.585   0.203
0.079   1.585   0.199
0.100   1.585   0.194
0.085   1.634   0.182
0.081   1.634   0.170
0.077   1.634   0.165
0.091   1.684   0.158
0.126   1.733   0.143
0.097   1.733   0.134
0.107   1.733   0.122
0.147   1.783   0.098
0.131   1.832   0.089
0.083   1.832   0.079
0.097   1.882   0.074
0.135   1.882   0.055
0.086   1.882   0.055
0.160   1.981   0.041
0.109   2.030   0.031
0.128   2.079   0.025
0.084   2.079   0.020
0.186   2.129   0.019
0.102   2.179   0.016
0.151   2.229   0.010
0.105   2.229   0.008
0.123   2.279   0.007
0.119   2.328   0.009
0.104   2.377   0.010
0.148   2.377   0.016
0.080   2.427   0.016
0.106   2.427   0.016
0.084   2.477   0.016
0.165   2.575   0.016
0.139   2.575   0.016
0.091   2.625   0.016
0.098   2.675   0.001
0.093   2.724   -0.003
0.105   2.724   -0.004
0.131   2.773   -0.003
0.110   2.823   -0.004
0.179   2.873   -0.004
0.095   2.873   -0.004
0.105   2.923   -0.004
0.091   2.923   -0.004
0.091   2.973   -0.002
0.095   2.973   -0.001
0.099   2.973   -0.001
0.151   3.022   -0.002
0.095   3.022   -0.002
0.074   3.022   -0.002
0.086   3.071   -0.005
0.095   3.071   -0.007
0.085   3.071   -0.007
0.105   3.022   -0.007
0.087   3.022   -0.008
0.081   3.071   -0.010
0.166   3.071   -0.013
0.110   3.022   -0.020
0.100   3.022   -0.026
0.101   3.022   -0.029
0.090   3.022   -0.029
0.088   3.022   -0.029
0.077   3.022   -0.029
0.087   3.022   -0.029
0.091   3.022   -0.029
0.086   3.022   -0.029
0.088   3.022   -0.029
0.086   3.022   -0.029
0.081   3.022   -0.028
0.155   3.022   -0.026
0.079   3.022   -0.021
0.098   3.022   -0.020
0.090   2.973   -0.021
0.087   2.973   -0.021
0.109   3.022   -0.021
0.091   3.022   -0.021
0.093   3.022   -0.021
0.105   3.022   -0.020
0.088   3.022   -0.016
0.085   3.022   -0.016
0.118   2.973   -0.010
0.099   2.973   -0.009
0.079   2.973   -0.010
0.079   2.973   -0.008
0.125   2.923   -0.004
0.077   2.923   -0.002
0.126   2.923   0.003
0.087   2.923   0.003
0.102   2.923   0.005
0.133   2.973   0.005
0.091   2.973   0.005
0.169   2.923   0.005
0.079   2.923   0.005
0.182   2.973   0.006
0.119   2.923   0.007
0.086   2.973   0.007
0.201   2.973   0.007
0.114   2.973   0.007
0.093   2.923   0.007
0.094   2.923   0.007
0.091   2.923   0.006
0.087   2.923   0.004
0.086   2.923   0.004
0.095   2.923   0.003
0.089   2.923   0.003
0.081   2.923   0.001
0.105   2.923   -0.002
0.095   2.923   -0.004
0.087   2.923   -0.005
0.105   2.923   -0.006
0.119   2.923   -0.006
0.078   2.923   -0.007
0.130   2.923   -0.009
0.088   2.923   -0.009
0.135   2.923   -0.009
0.081   2.923   -0.014
0.101   2.923   -0.017
0.155   2.923   -0.018
0.125   2.923   -0.018
0.093   2.923   -0.022
0.134   2.923   -0.030
0.099   2.923   -0.030
0.101   2.923   -0.031
0.079   2.923   -0.031
0.145   2.923   -0.023
0.093   2.923   -0.015
0.154   2.923   -0.013
0.108   2.973   -0.015
0.114   3.022   -0.016
0.129   2.973   -0.019
0.082   3.022   -0.026
0.155   2.923   -0.032
0.081   2.823   -0.038
0.085   2.724   -0.040
0.093   2.724   -0.041
0.122   2.724   -0.043
0.104   2.823   -0.044
0.094   2.923   -0.044
0.207   3.121   -0.057
0.090   3.022   -0.063
0.091   3.022   -0.067
0.121   3.072   -0.073
0.086   3.072   -0.073
0.089   3.072   -0.073
0.092   2.972   -0.072
0.148   2.972   -0.072
0.103   2.972   -0.072
0.141   2.972   -0.072
0.093   2.972   -0.072
0.084   2.972   -0.072
0.142   2.972   -0.072
0.111   2.972   -0.072
0.094   2.972   -0.072
0.124   2.972   -0.072
0.123   2.972   -0.072
0.094   2.972   -0.072
0.090   2.972   -0.072
0.104   2.972   -0.072
0.128   2.972   -0.072
0.118   2.972   -0.072
0.078   2.972   -0.072
0.097   2.972   -0.072
0.099   2.972   -0.072
0.121   2.972   -0.072
0.123   2.972   -0.055
0.110   2.873   -0.030
0.126   2.823   -0.025
0.085   2.823   -0.025
0.083   2.823   -0.025
0.076   2.823   -0.025
0.120   2.823   -0.025
0.122   2.823   -0.025
0.117   2.823   -0.025
0.134   2.823   -0.025
0.101   2.823   -0.025
0.108   2.823   -0.025
0.113   2.823   -0.025
0.143   2.823   -0.025
0.115   2.823   -0.025
0.106   2.823   -0.025
0.091   2.823   -0.025
0.101   2.724   0.012
0.204   2.526   -0.008
0.090   2.526   -0.015
0.149   2.526   -0.021
0.132   2.526   -0.025
0.095   2.526   -0.026
0.086   2.526   -0.025
0.107   2.526   -0.025
0.091   2.526   -0.025
0.108   2.526   -0.024
0.098   2.526   -0.024
0.109   2.526   -0.024
0.104   2.526   -0.024
0.089   2.526   -0.024
0.085   2.526   -0.024
0.080   2.526   -0.024
0.102   2.526   -0.024
0.073   2.526   -0.024
0.123   2.526   -0.024
0.063   2.526   -0.024
0.085   2.526   -0.024
0.083   2.526   -0.024
0.143   2.526   -0.024
0.143   2.526   -0.024
0.087   2.526   -0.024
0.092   2.526   -0.024
0.085   2.526   -0.024
0.153   2.526   -0.024
0.183   2.526   -0.024
0.079   2.526   -0.024
0.151   2.526   -0.024
0.079   2.526   -0.024
0.149   2.526   -0.024
0.118   2.526   -0.024
0.209   2.526   -0.024
0.137   2.526   -0.024
0.092   2.526   -0.024
0.092   2.526   -0.024
0.079   2.526   -0.024
0.105   2.526   -0.024
0.085   2.526   -0.024
0.095   2.526   -0.024
0.119   2.526   -0.024
0.077   2.526   -0.024
0.090   2.526   -0.024
0.120   2.526   -0.024
0.081   2.526   -0.024
0.084   2.526   -0.024
0.151   2.526   -0.024
0.192   2.526   -0.024
0.091   2.427   -0.024
0.121   2.427   -0.004
0.105   2.427   -0.004
0.097   2.427   -0.004
0.171   2.427   -0.004
0.078   2.427   -0.004
0.094   2.427   -0.004
0.090   2.427   -0.005
0.095   2.427   -0.005
0.128   2.427   -0.005
0.093   2.427   -0.005
0.098   2.377   -0.005
0.096   2.377   -0.005
0.090   2.377   -0.008
0.090   2.377   -0.015
0.103   2.328   -0.020
0.080   2.377   -0.021
0.086   2.328   -0.029
0.236   2.328   -0.040
0.127   2.328   -0.044
0.121   2.328   -0.045
0.130   2.328   -0.045
0.089   2.328   -0.045
0.081   2.328   -0.045
0.121   2.328   -0.044
0.113   2.328   -0.044
0.101   2.328   -0.044
0.100   2.328   -0.044
0.111   2.328   -0.044
0.094   2.328   -0.044
0.089   2.328   -0.043
0.106   2.328   -0.043
0.087   2.328   -0.042
0.095   2.427   -0.042
0.086   2.378   -0.039
0.114   2.427   -0.034
0.145   2.427   -0.027
0.120   2.526   -0.023
0.097   2.526   -0.023
0.078   2.526   -0.023
0.090   2.526   -0.023
0.148   2.625   -0.023
0.102   2.625   -0.023
0.096   2.625   -0.023
0.087   2.724   -0.023
0.120   2.724   -0.023
0.082   2.724   -0.023
0.124   2.724   -0.025
0.115   2.724   -0.024
0.102   2.724   -0.024
0.098   2.625   -0.022
0.087   2.625   -0.020
0.097   2.625   -0.015
0.103   2.625   -0.007
0.085   2.625   -0.002
0.073   2.625   -0.001
0.099   2.625   0.004
0.090   2.625   0.008
0.115   2.575   0.009
0.086   2.575   0.012
0.093   2.575   0.013
0.085   2.575   0.016
0.101   2.575   0.018
0.140   2.575   0.017
0.084   2.575   0.018
0.081   2.575   0.020
0.078   2.575   0.020
0.093   2.575   0.020
0.097   2.575   0.020
0.107   2.675   0.020
0.118   2.675   0.020
0.086   2.675   0.020
0.091   2.675   0.018
0.228   2.675   0.012
0.129   2.675   0.012
0.116   2.675   0.012
0.117   2.625   0.012
0.172   2.575   0.004
0.078   2.575   0.003
0.119   2.625   -0.003
0.128   2.625   -0.010
0.088   2.625   -0.015
0.085   2.625   -0.019
0.109   2.675   -0.022
0.079   2.724   -0.024
0.082   2.724   -0.024
0.128   2.724   -0.024
0.111   2.724   -0.024
0.086   2.724   -0.024
0.153   2.823   -0.024
0.088   2.724   -0.024
0.088   2.724   -0.024
0.083   2.724   -0.033
0.125   2.724   -0.035
0.079   2.724   -0.036
0.078   2.724   -0.035
0.125   2.724   -0.035
0.101   2.724   -0.033
0.074   2.724   -0.033
0.129   2.724   -0.033
0.086   2.724   -0.033
0.108   2.724   -0.033
0.091   2.724   -0.033
0.160   2.724   -0.033
0.107   2.724   -0.034
0.085   2.724   -0.034
0.084   2.724   -0.035
0.148   2.724   -0.035
0.108   2.674   -0.034
0.125   2.724   -0.034
0.098   2.625   -0.033
0.083   2.625   -0.030
0.084   2.625   -0.030
0.136   2.625   -0.022
0.101   2.625   -0.021
0.086   2.625   -0.015
0.081   2.625   -0.010
0.082   2.625   -0.005
0.089   2.625   -0.003
0.082   2.625   -0.001
0.097   2.575   0.002
0.101   2.575   0.005
0.111   2.575   0.007
0.109   2.575   0.007
0.167   2.526   0.003
0.109   2.526   -0.003
0.167   2.526   -0.018
0.105   2.526   -0.025
0.087   2.526   -0.025
0.090   2.526   -0.028
0.106   2.526   -0.030
0.095   2.427   -0.031
0.127   2.427   -0.031
0.085   2.427   -0.032
0.137   2.427   -0.033
0.080   2.427   -0.033
0.106   2.328   -0.033
0.100   2.229   -0.033
0.086   2.229   -0.033
0.106   2.179   -0.033
0.093   2.179   -0.033
0.118   2.129   -0.016
0.088   2.179   -0.014
0.099   2.229   -0.015
0.087   2.229   -0.015
0.088   2.328   -0.015
0.081   2.328   -0.015
0.104   2.377   -0.015
0.115   2.377   -0.015
0.132   2.526   -0.015
0.092   2.575   -0.015
0.078   2.575   -0.015
0.080   2.625   -0.019
0.121   2.625   -0.024
0.093   2.625   -0.024
0.136   2.625   -0.024
0.103   2.625   -0.023
0.091   2.625   -0.024
0.113   2.625   -0.025
0.077   2.625   -0.025
0.081   2.625   -0.024
0.121   2.625   -0.025
0.147   2.625   -0.025
0.094   2.625   -0.025
0.085   2.625   -0.025
0.091   2.625   -0.025
0.084   2.674   -0.042
0.149   2.674   -0.041
0.104   2.674   -0.041
0.106   2.724   -0.041
0.153   2.724   -0.041
0.078   2.724   -0.041
0.087   2.724   -0.049
0.081   2.724   -0.052
0.105   2.724   -0.054
0.092   2.724   -0.054
0.083   2.724   -0.054
0.092   2.724   -0.057
0.092   2.724   -0.064
0.161   2.724   -0.070
0.086   2.724   -0.079
0.104   2.774   -0.086
0.095   2.774   -0.095
0.078   2.774   -0.104
0.118   2.774   -0.110
0.124   2.774   -0.120
0.079   2.774   -0.122
0.138   2.774   -0.135
0.097   2.724   -0.138
0.081   2.724   -0.140
0.100   2.724   -0.140
0.191   2.724   -0.140
0.090   2.724   -0.140
0.101   2.724   -0.141
0.106   2.724   -0.141
0.083   2.724   -0.141
0.097   2.724   -0.141
0.109   2.724   -0.141
0.081   2.724   -0.153
0.084   2.724   -0.153
0.165   2.724   -0.152
0.077   2.724   -0.152
0.158   2.724   -0.152
0.081   2.724   -0.152
0.114   2.724   -0.152
0.134   2.724   -0.152
0.141   2.824   -0.147
0.086   2.824   -0.145
0.167   2.824   -0.145
0.101   2.824   -0.141
0.103   2.824   -0.136
0.144   2.824   -0.133
0.105   2.922   -0.133
0.088   2.922   -0.133
0.121   2.922   -0.133
0.100   2.922   -0.133
0.092   2.922   -0.133
0.145   2.922   -0.133
0.092   2.922   -0.122
0.093   2.922   -0.122
0.078   2.922   -0.122
0.138   2.922   -0.122
0.092   2.972   -0.122
0.116   3.022   -0.118
0.175   3.022   -0.118
0.118   3.022   -0.118
0.126   3.022   -0.118
0.088   3.072   -0.118
0.078   3.121   -0.101
0.084   3.121   -0.099
0.089   3.121   -0.096
0.090   3.170   -0.095
0.092   3.170   -0.094
0.100   3.170   -0.091
0.100   3.170   -0.091
0.120   3.170   -0.091
0.081   3.220   -0.091
0.136   3.220   -0.091
0.136   3.220   -0.091
0.081   3.270   -0.091
0.120   3.270   -0.091
0.086   3.270   -0.092
0.119   3.270   -0.099
0.087   3.319   -0.103
0.089   3.319   -0.109
0.129   3.319   -0.114
0.101   3.319   -0.120
0.091   3.319   -0.125
0.110   3.319   -0.126
0.096   3.319   -0.129
0.084   3.319   -0.132
0.097   3.319   -0.136
0.086   3.319   -0.142
0.114   3.369   -0.143
0.092   3.369   -0.143
0.097   3.369   -0.143
0.132   3.369   -0.143
0.126   3.369   -0.143
0.103   3.369   -0.143
0.137   3.369   -0.143
0.078   3.369   -0.143
0.106   3.369   -0.143
0.094   3.369   -0.143
0.089   3.369   -0.143
0.127   3.369   -0.143
0.082   3.369   -0.143
0.089   3.369   -0.143
0.078   3.369   -0.143
0.084   3.369   -0.143
0.109   3.369   -0.143
0.103   3.369   -0.143
0.128   3.369   -0.143
0.099   3.369   -0.143
0.090   3.369   -0.143
0.078   3.369   -0.143
0.106   3.369   -0.143
0.092   3.369   -0.143
0.121   3.369   -0.143
0.161   3.369   -0.143
0.096   3.369   -0.143
0.095   3.369   -0.143
0.084   3.369   -0.143
0.089   3.369   -0.143
0.078   3.369   -0.143
0.111   3.369   -0.143
0.083   3.369   -0.143
0.085   3.369   -0.143
0.080   3.369   -0.143
0.108   3.369   -0.143
0.086   3.369   -0.143
0.105   3.369   -0.143
0.075   3.369   -0.143
0.090   3.369   -0.143
0.090   3.369   -0.143
0.126   3.369   -0.143
0.096   3.369   -0.143
0.081   3.369   -0.143
0.138   3.369   -0.143
0.111   3.369   -0.143
0.112   3.269   -0.143
0.129   1.882   -0.077
0.092   1.832   -0.080
0.097   1.733   -0.082
0.103   1.634   -0.081
0.098   1.535   -0.081
0.091   1.436   -0.081
0.122   1.337   -0.080
0.157   1.238   -0.072
0.175   1.189   -0.073
0.079   1.139   -0.072
0.178   1.040   -0.072
0.097   1.040   -0.072
0.105   1.040   -0.072
0.075   1.040   -0.072
0.114   0.941   -0.068
0.087   0.941   -0.068
0.100   0.842   -0.068
0.149   0.842   -0.068
0.087   0.692   -0.068
0.147   0.544   -0.068
0.099   0.544   -0.068
0.134   0.445   -0.072
0.100   0.445   -0.074
0.095   0.445   -0.076
0.120   0.544   -0.076
0.092   0.643   -0.077
0.144   0.742   -0.080
0.091   0.842   -0.086
0.101   0.891   -0.089
0.203   0.842   -0.091
0.095   0.842   -0.092
0.125   0.842   -0.092
0.098   0.842   -0.092
0.107   0.842   -0.092
0.108   0.643   -0.092
0.185   0.544   -0.090
0.108   0.494   -0.087
0.093   0.445   -0.086
0.107   0.445   -0.086
0.092   0.544   -0.086
0.130   0.891   -0.086
0.142   0.891   -0.086
0.085   0.941   -0.086
0.074   0.941   -0.086
0.169   0.842   -0.069
0.085   0.842   -0.068
0.094   0.842   -0.061
0.140   0.842   -0.058
0.083   0.842   -0.059
0.111   0.842   -0.059
0.188   0.742   -0.060
0.083   0.742   -0.059
0.081   0.742   -0.059
0.125   0.742   -0.059
0.118   0.692   -0.059
0.087   0.692   -0.059
0.130   0.643   -0.059
0.104   0.643   -0.059
0.147   0.643   -0.059
0.118   0.643   -0.059
0.098   0.594   -0.059
0.107   0.594   -0.059
0.115   0.544   -0.059
0.096   0.544   -0.059
0.118   0.544   -0.059
0.114   0.544   -0.059
0.122   0.494   -0.059
0.139   0.445   -0.059
0.167   0.445   -0.059
0.091   0.445   -0.059
0.168   0.445   -0.059
0.100   0.445   -0.059
0.195   0.396   -0.059
0.079   0.346   -0.059
0.095   0.346   -0.059
0.103   0.346   -0.059
0.081   0.346   -0.059
0.159   0.346   -0.059
0.096   0.346   -0.059
0.190   0.346   -0.059
0.090   0.346   -0.059
0.086   0.396   -0.059
0.126   0.396   -0.059
0.087   0.396   -0.059
0.120   0.396   -0.059
0.111   0.396   -0.059
0.109   0.396   -0.059
0.146   0.396   -0.059
0.088   0.396   -0.059
0.107   0.445   -0.059
0.124   0.445   -0.059
0.114   0.445   -0.059
