0.052   0.000   -0.001
0.344   0.000   -0.001
0.205   0.000   -0.001
0.204   0.000   -0.001
0.238   0.000   -0.001
0.212   0.000   -0.001
0.184   0.000   -0.001
0.234   0.000   -0.001
0.224   0.000   -0.001
0.222   0.000   -0.001
0.206   0.000   -0.001
0.186   0.000   -0.001
0.219   0.000   -0.004
0.172   0.000   -0.013
0.205   0.000   -0.018
0.206   0.000   -0.029
0.205   0.000   -0.035
0.228   0.049   -0.042
0.206   0.049   -0.052
0.179   0.049   -0.064
0.191   0.049   -0.082
0.236   0.148   -0.098
0.218   0.148   -0.100
0.247   0.247   -0.116
0.176   0.247   -0.119
0.217   0.346   -0.122
0.189   0.445   -0.130
0.219   0.445   -0.146
0.230   0.544   -0.147
0.213   0.544   -0.147
0.170   0.643   -0.142
0.208   0.643   -0.140
0.200   0.643   -0.132
0.207   0.693   -0.119
0.244   0.742   -0.097
0.167   0.742   -0.082
0.220   0.742   -0.062
0.207   0.742   -0.038
0.180   0.792   -0.026
0.193   0.842   -0.005
0.205   0.792   0.016
0.237   0.842   0.034
0.234   0.842   0.049
0.208   0.892   0.055
0.208   0.990   0.055
0.215   1.040   0.055
0.185   1.090   0.054
0.229   1.139   0.052
0.225   1.188   0.052
0.224   1.288   0.052
0.269   1.288   0.052
0.182   1.337   0.054
0.191   1.386   0.055
0.202   1.386   0.055
0.207   1.386   0.055
0.205   1.486   0.054
0.220   1.486   0.050
0.210   1.486   0.045
0.208   1.535   0.036
0.228   1.585   0.023
0.223   1.585   0.012
0.191   1.634   0.011
0.183   1.634   0.011
0.201   1.684   0.009
0.244   1.684   -0.000
0.167   1.733   -0.004
0.204   1.733   -0.014
0.210   1.733   -0.015
0.199   1.733   -0.009
0.187   1.783   -0.004
0.205   1.832   -0.002
0.204   1.832   -0.003
0.207   1.832   -0.011
0.240   1.832   -0.026
0.231   1.832   -0.043
0.223   1.882   -0.058
0.206   1.882   -0.073
0.203   1.882   -0.080
0.229   1.931   -0.080
0.236   1.931   -0.080
0.273   1.931   -0.075
0.211   1.981   -0.074
0.178   1.931   -0.074
0.191   1.981   -0.071
0.200   1.931   -0.063
0.201   1.981   -0.055
0.206   1.931   -0.054
0.205   1.981   -0.058
0.208   1.931   -0.059
0.211   1.931   -0.059
0.208   1.931   -0.056
0.171   1.931   -0.055
0.212   1.882   -0.054
0.194   1.832   -0.048
0.228   1.832   -0.046
0.174   1.832   -0.040
0.207   1.832   -0.031
0.202   1.832   -0.028
0.213   1.832   -0.021
0.219   1.832   -0.020
0.209   1.882   -0.014
0.222   1.832   -0.007
0.243   1.931   -0.006
0.165   1.931   -0.006
0.205   1.931   -0.005
0.204   1.981   0.002
0.203   2.030   0.006
0.228   2.030   0.009
0.207   2.030   0.016
0.222   2.079   0.018
0.202   2.079   0.025
0.206   2.079   0.031
0.249   1.981   0.048
0.218   2.079   0.055
0.181   2.079   0.056
0.212   2.030   0.055
0.180   2.079   0.054
0.206   2.030   0.053
0.203   1.981   0.052
0.220   1.981   0.052
0.263   1.981   0.052
0.207   1.981   0.048
0.209   1.981   0.044
0.242   1.981   0.044
0.227   1.981   0.042
0.206   1.981   0.039
0.185   1.981   0.038
0.200   2.079   0.035
0.222   2.030   0.028
0.186   2.079   0.024
0.203   2.079   0.021
0.205   2.079   0.011
0.202   2.079   0.001
0.228   2.129   -0.010
0.194   2.129   -0.017
0.193   2.129   -0.030
0.227   2.179   -0.046
0.157   2.229   -0.054
0.205   2.179   -0.065
0.204   2.179   -0.075
0.204   2.179   -0.085
0.227   2.278   -0.088
0.239   2.278   -0.082
0.223   2.378   -0.078
0.185   2.476   -0.077
0.216   2.427   -0.074
0.255   2.378   -0.065
0.200   2.378   -0.065
0.195   2.278   -0.064
0.201   2.278   -0.060
0.229   2.129   -0.054
0.169   2.129   -0.050
0.223   2.030   -0.044
0.182   1.931   -0.039
0.199   1.832   -0.039
0.203   1.783   -0.039
0.246   1.733   -0.036
0.222   1.684   -0.031
0.262   1.634   -0.029
0.185   1.634   -0.029
0.184   1.684   -0.029
0.221   1.634   -0.029
0.220   1.634   -0.030
0.183   1.634   -0.030
0.189   1.634   -0.030
0.204   1.634   -0.029
0.225   1.634   -0.029
0.203   1.634   -0.029
0.264   1.733   -0.029
0.209   1.733   -0.027
0.221   1.733   -0.026
0.247   1.733   -0.026
0.264   1.783   -0.026
0.180   1.783   -0.026
0.184   1.832   -0.026
0.205   1.832   -0.027
0.202   1.931   -0.026
0.205   1.931   -0.026
0.203   1.931   -0.026
0.226   1.931   -0.022
0.183   1.931   -0.017
0.205   1.931   -0.012
0.185   1.931   -0.001
0.200   1.931   0.007
0.204   1.931   0.018
0.203   1.882   0.030
0.227   1.882   0.039
0.179   1.882   0.042
0.206   1.783   0.046
0.226   1.882   0.050
0.161   1.783   0.054
0.203   1.882   0.055
0.205   1.882   0.055
0.204   1.882   0.054
0.201   1.931   0.054
0.224   1.981   0.052
0.187   1.981   0.052
0.221   1.981   0.048
0.162   1.981   0.048
0.203   2.079   0.043
0.203   2.079   0.042
0.207   2.129   0.035
0.218   2.179   0.028
0.193   2.179   0.022
0.215   2.229   0.009
0.164   2.279   0.005
0.200   2.279   0.005
0.208   2.279   0.004
0.203   2.328   0.004
0.221   2.328   -0.004
0.183   2.427   -0.004
0.213   2.377   -0.004
0.175   2.427   -0.004
0.235   2.377   -0.004
0.172   2.328   -0.004
0.248   2.328   -0.005
0.221   2.279   -0.004
0.199   2.328   -0.005
0.249   2.328   -0.014
0.241   2.328   -0.022
0.191   2.378   -0.033
0.250   2.328   -0.037
0.204   2.378   -0.036
0.208   2.427   -0.044
0.197   2.427   -0.052
0.215   2.427   -0.057
0.280   2.378   -0.059
0.235   2.378   -0.056
0.207   2.378   -0.056
0.221   2.378   -0.056
0.246   2.378   -0.054
0.221   2.378   -0.051
0.221   2.328   -0.040
0.256   2.328   -0.032
0.209   2.328   -0.027
0.222   2.328   -0.027
0.223   2.328   -0.027
0.247   2.328   -0.026
0.218   2.328   -0.026
0.246   2.328   -0.023
0.242   2.377   -0.018
0.220   2.427   -0.018
0.244   2.427   -0.019
0.219   2.427   -0.020
0.248   2.476   -0.021
0.202   2.526   -0.027
0.237   2.526   -0.035
0.245   2.476   -0.036
0.177   2.427   -0.035
0.204   2.328   -0.031
0.187   2.229   -0.027
0.202   2.129   -0.026
0.200   2.079   -0.024
0.202   2.030   -0.018
0.198   1.931   -0.013
0.205   1.832   -0.009
0.208   1.783   -0.013
0.214   1.733   -0.021
0.167   1.733   -0.020
0.202   1.634   -0.020
0.203   1.634   -0.020
0.198   1.634   -0.020
0.225   1.634   -0.019
0.204   1.634   -0.019
0.243   1.634   -0.014
0.218   1.634   -0.012
0.194   1.733   -0.006
0.195   1.684   -0.002
0.212   1.733   0.002
0.172   1.783   0.007
0.245   1.783   0.014
0.237   1.832   0.018
0.182   1.882   0.018
0.262   1.882   0.026
0.205   1.981   0.030
0.204   2.030   0.029
0.217   2.079   0.029
0.186   2.129   0.029
0.226   2.179   0.025
0.222   2.279   0.022
0.224   2.279   0.021
0.199   2.279   0.019
0.184   2.279   0.018
0.208   2.328   0.016
0.196   2.328   0.014
0.214   2.377   0.009
0.220   2.328   0.008
0.233   2.328   0.007
0.232   2.279   0.001
0.249   2.279   -0.005
0.236   2.229   -0.010
0.215   2.179   -0.014
0.201   2.129   -0.014
0.228   2.079   -0.018
0.257   1.931   -0.031
0.187   1.931   -0.030
0.214   1.931   -0.031
0.205   1.832   -0.031
0.211   1.832   -0.031
0.220   1.832   -0.033
0.199   1.931   -0.039
0.235   1.832   -0.039
0.168   1.931   -0.045
0.220   1.931   -0.056
0.181   1.931   -0.062
0.208   1.931   -0.068
0.210   1.981   -0.068
0.216   1.981   -0.068
0.244   2.030   -0.067
0.198   2.030   -0.063
0.201   1.981   -0.057
0.185   2.030   -0.056
0.201   1.981   -0.056
0.203   2.030   -0.056
0.202   2.030   -0.053
0.209   2.030   -0.045
0.218   2.129   -0.040
0.176   2.129   -0.038
0.183   2.129   -0.037
0.224   2.129   -0.031
0.214   2.229   -0.027
0.169   2.229   -0.026
0.222   2.328   -0.017
0.195   2.328   -0.012
0.189   2.328   -0.013
0.193   2.328   -0.013
0.190   2.377   -0.013
0.201   2.328   -0.013
0.202   2.328   -0.009
0.202   2.328   -0.009
0.203   2.328   -0.008
0.198   2.328   -0.001
0.202   2.427   0.003
0.185   2.427   0.003
0.202   2.477   0.011
0.201   2.575   0.021
0.203   2.675   0.029
0.200   2.773   0.032
0.202   2.873   0.033
0.218   2.873   0.025
0.168   2.973   0.025
0.199   2.973   0.023
0.200   2.973   0.023
0.205   2.973   0.021
0.200   3.071   0.016
0.213   2.973   0.013
0.215   2.873   0.003
0.225   2.773   -0.004
0.223   2.724   -0.003
0.224   2.625   -0.003
0.172   2.575   -0.000
0.192   2.477   -0.000
0.208   2.427   -0.000
0.187   2.377   -0.000
0.204   2.328   -0.000
0.214   2.279   -0.000
0.251   2.229   -0.000
0.205   2.229   -0.000
0.220   2.179   -0.001
0.182   2.179   -0.001
0.195   2.129   -0.010
0.192   2.129   -0.015
0.199   2.129   -0.016
0.218   2.129   -0.025
0.208   2.129   -0.031
0.204   2.030   -0.041
0.174   2.129   -0.045
0.186   2.030   -0.051
0.201   2.030   -0.051
0.203   2.080   -0.051
0.199   2.080   -0.051
0.204   2.129   -0.048
0.227   2.129   -0.045
0.238   2.129   -0.045
0.227   2.229   -0.045
0.176   2.179   -0.045
0.205   2.229   -0.045
0.183   2.229   -0.041
0.200   2.229   -0.041
0.202   2.229   -0.038
0.208   2.229   -0.035
0.214   2.179   -0.032
0.181   2.229   -0.025
0.221   2.229   -0.017
0.166   2.229   -0.014
0.201   2.229   -0.011
0.213   2.229   -0.008
0.207   2.229   0.001
0.188   2.179   0.006
0.198   2.229   0.014
0.219   2.179   0.026
0.246   2.179   0.030
0.222   2.179   0.039
0.205   2.179   0.047
0.260   2.179   0.051
0.207   2.179   0.054
0.223   2.129   0.054
0.222   1.981   0.054
0.198   1.832   0.054
0.196   1.684   0.062
0.188   1.585   0.075
0.204   1.585   0.082
0.231   1.535   0.096
0.182   1.535   0.106
0.198   1.436   0.118
0.211   1.436   0.126
0.161   1.436   0.131
0.200   1.486   0.131
0.223   1.535   0.131
0.179   1.535   0.131
0.200   1.634   0.131
0.208   1.634   0.131
0.221   1.733   0.131
0.199   1.733   0.131
0.243   1.832   0.136
0.215   1.882   0.145
0.160   1.931   0.147
0.202   1.981   0.147
0.198   1.981   0.147
0.202   2.030   0.146
0.220   2.030   0.146
0.206   2.080   0.146
0.200   2.080   0.143
0.224   2.080   0.133
0.240   2.030   0.120
0.261   2.030   0.103
0.200   2.030   0.094
0.220   2.079   0.080
0.221   2.079   0.065
0.204   2.079   0.049
0.180   2.079   0.037
0.213   2.129   0.026
0.202   2.179   0.015
0.187   2.229   0.014
0.202   2.229   0.014
0.219   2.279   0.016
0.194   2.279   0.017
0.190   2.328   0.016
0.196   2.328   0.011
0.178   2.328   -0.000
0.200   2.328   -0.002
0.203   2.279   -0.002
0.201   2.229   -0.003
0.202   2.229   -0.003
0.224   2.129   -0.003
0.237   2.030   0.003
0.223   2.030   0.004
0.159   2.030   0.004
0.201   1.981   0.007
0.200   1.981   0.010
0.205   1.931   0.010
0.197   1.931   0.010
0.203   1.931   0.010
0.200   1.931   0.008
0.223   1.882   0.007
0.247   1.832   -0.003
0.224   1.832   -0.016
0.240   1.832   -0.031
0.222   1.832   -0.043
0.156   1.783   -0.050
0.202   1.783   -0.062
0.223   1.733   -0.070
0.181   1.733   -0.070
0.215   1.733   -0.065
0.189   1.684   -0.064
0.193   1.684   -0.064
0.215   1.634   -0.064
0.183   1.634   -0.061
0.191   1.634   -0.050
0.214   1.634   -0.039
0.183   1.634   -0.027
0.204   1.733   -0.026
0.198   1.783   -0.026
0.212   1.832   -0.027
0.166   1.931   -0.027
0.225   1.931   -0.027
0.176   1.931   -0.026
0.245   2.030   -0.021
0.221   2.030   -0.011
0.201   2.129   -0.004
0.199   2.179   0.002
0.203   2.179   0.002
0.216   2.229   0.002
0.182   2.279   0.007
0.186   2.328   0.014
0.226   2.377   0.020
0.166   2.427   0.027
0.202   2.477   0.030
0.199   2.575   0.029
0.214   2.575   0.023
0.207   2.675   0.016
0.207   2.675   0.009
0.156   2.724   0.006
0.200   2.773   -0.003
0.203   2.823   -0.011
0.199   2.823   -0.011
0.199   2.873   -0.011
0.221   2.873   -0.010
0.201   2.923   -0.011
0.162   2.923   -0.010
0.204   3.022   -0.010
0.208   3.121   -0.010
0.203   3.220   -0.003
0.201   3.319   0.008
0.224   3.418   0.012
0.207   3.567   0.011
0.184   3.616   0.010
0.182   3.764   0.004
0.205   3.864   -0.009
0.203   3.913   -0.015
0.202   3.913   -0.021
0.227   3.913   -0.019
0.270   3.913   -0.016
0.180   4.012   -0.016
0.216   4.012   -0.016
0.214   4.012   -0.011
0.265   4.012   -0.010
0.200   4.012   -0.011
0.191   4.012   -0.011
0.184   4.111   -0.014
0.205   4.111   -0.014
0.198   4.111   -0.014
0.204   4.111   -0.021
0.207   4.111   -0.019
0.205   4.210   -0.016
0.215   4.210   -0.011
0.194   4.210   -0.010
0.184   4.210   -0.010
0.217   4.210   -0.010
0.191   4.210   -0.010
0.201   4.210   -0.010
0.230   4.160   -0.010
0.184   4.111   -0.009
0.202   4.111   -0.010
0.184   4.111   -0.010
0.205   4.111   -0.010
0.204   4.062   -0.010
0.205   4.062   -0.010
0.202   4.062   -0.010
0.229   4.012   -0.011
0.192   4.012   -0.012
0.196   4.012   -0.015
0.192   4.012   -0.015
0.211   4.012   -0.017
0.188   4.061   -0.017
0.204   4.012   -0.017
0.201   4.061   -0.014
0.237   4.012   -0.005
0.220   4.012   -0.001
0.220   3.962   -0.003
0.210   3.962   -0.011
0.183   3.913   -0.011
0.205   3.913   -0.011
0.206   4.012   -0.011
0.223   4.012   -0.011
0.200   4.012   -0.011
0.184   3.962   -0.011
0.221   3.962   -0.011
0.217   3.913   -0.011
0.245   3.913   -0.014
0.200   3.913   -0.016
0.185   3.913   -0.021
0.216   3.814   -0.021
0.193   3.814   -0.020
0.206   3.715   -0.020
0.212   3.616   -0.020
0.216   3.567   -0.021
0.180   3.517   -0.021
0.188   3.517   -0.020
0.223   3.418   -0.020
0.185   3.418   -0.019
0.202   3.319   -0.017
0.206   3.319   -0.017
0.226   3.319   -0.018
0.204   3.220   -0.018
0.182   3.220   -0.018
0.184   3.220   -0.016
0.206   3.220   -0.016
0.210   3.220   -0.016
0.197   3.171   -0.015
0.207   3.171   -0.009
0.240   3.220   -0.008
0.275   3.220   -0.006
0.219   3.220   -0.006
0.205   3.220   -0.002
0.236   3.269   0.011
0.234   3.269   0.018
0.223   3.269   0.019
0.213   3.369   0.020
0.216   3.369   0.021
0.254   3.369   0.022
0.234   3.369   0.027
0.223   3.369   0.027
0.249   3.369   0.026
0.234   3.369   0.026
0.238   3.369   0.026
0.204   3.467   0.025
0.222   3.467   0.024
0.190   3.467   0.018
0.183   3.467   0.016
0.201   3.467   0.016
0.208   3.517   0.016
0.199   3.567   0.013
0.269   3.567   0.004
0.206   3.616   0.000
0.221   3.616   -0.004
0.210   3.616   -0.004
0.182   3.616   -0.003
0.181   3.666   -0.003
0.206   3.666   -0.004
0.206   3.666   -0.011
0.200   3.715   -0.018
0.221   3.715   -0.032
0.201   3.715   -0.038
0.192   3.715   -0.037
0.200   3.666   -0.035
0.169   3.666   -0.036
0.238   3.666   -0.037
0.169   3.666   -0.036
0.220   3.616   -0.036
0.189   3.616   -0.035
0.233   3.567   -0.030
0.257   3.517   -0.029
0.191   3.517   -0.029
0.202   3.468   -0.028
0.200   3.418   -0.023
0.208   3.418   -0.020
0.187   3.319   -0.020
0.212   3.319   -0.021
0.193   3.220   -0.024
0.206   3.220   -0.024
0.219   3.220   -0.022
0.198   3.121   -0.023
0.176   3.121   -0.023
0.201   3.071   -0.023
0.206   3.022   -0.023
0.205   3.022   -0.023
0.202   3.022   -0.023
0.223   3.022   -0.023
0.208   3.022   -0.022
0.178   3.022   -0.019
0.189   3.121   -0.019
0.202   3.121   -0.019
0.229   3.121   -0.017
0.245   3.220   -0.015
0.203   3.220   -0.010
0.203   3.220   -0.010
0.202   3.319   -0.010
0.232   3.319   -0.009
0.263   3.369   -0.002
0.202   3.418   0.001
0.189   3.467   0.002
0.219   3.567   0.002
0.232   3.616   0.003
0.244   3.715   0.003
0.227   3.764   0.002
0.248   3.814   0.003
0.224   3.864   0.003
0.249   3.962   0.002
0.182   3.962   0.002
0.181   4.012   0.002
0.206   4.062   0.001
0.200   4.160   0.001
0.204   4.210   0.003
0.209   4.358   0.010
0.226   4.458   0.012
0.178   4.458   0.012
0.188   4.656   0.011
0.204   4.656   0.008
0.202   4.756   0.006
0.203   4.805   0.004
0.217   4.805   -0.001
0.203   4.854   -0.001
0.193   4.854   -0.002
0.186   4.904   -0.010
0.205   4.954   -0.012
0.220   5.003   -0.014
0.186   5.003   -0.013
0.205   5.102   -0.013
0.235   5.152   -0.015
0.193   5.202   -0.015
0.205   5.202   -0.018
0.169   5.251   -0.017
0.200   5.301   -0.017
0.205   5.301   -0.016
0.215   5.400   -0.016
0.195   5.400   -0.017
0.221   5.400   -0.017
0.249   5.449   -0.019
0.229   5.449   -0.020
0.241   5.449   -0.021
0.203   5.499   -0.022
0.222   5.449   -0.031
0.213   5.449   -0.040
0.158   5.449   -0.041
0.216   5.449   -0.039
0.192   5.449   -0.037
0.203   5.449   -0.036
0.206   5.400   -0.033
0.222   5.400   -0.025
0.205   5.400   -0.017
0.165   5.400   -0.017
0.206   5.301   -0.016
0.220   5.251   -0.017
0.190   5.202   -0.017
0.200   5.152   -0.017
0.225   5.102   -0.016
0.186   5.003   -0.013
0.221   5.003   -0.006
0.168   4.954   -0.006
0.222   4.904   -0.007
0.194   4.854   -0.007
0.193   4.854   -0.007
0.207   4.607   -0.003
0.230   4.358   -0.002
0.179   4.260   -0.002
0.184   4.210   -0.011
0.205   4.111   -0.010
0.204   4.062   -0.008
0.247   4.012   -0.001
0.163   4.012   0.004
0.227   3.962   0.010
0.180   3.962   0.010
0.220   3.962   0.014
0.168   3.864   0.014
0.207   3.864   0.014
0.201   3.864   0.014
0.205   3.864   0.014
0.205   3.864   0.011
0.205   3.764   0.006
0.206   3.764   -0.004
0.203   3.666   -0.009
0.184   3.616   -0.015
0.205   3.517   -0.025
0.203   3.517   -0.035
0.203   3.517   -0.039
0.229   3.468   -0.039
0.203   3.468   -0.038
0.185   3.517   -0.038
0.183   3.517   -0.040
0.202   3.517   -0.040
0.203   3.517   -0.039
0.243   3.616   -0.038
0.167   3.616   -0.036
0.228   3.715   -0.032
0.241   3.715   -0.028
0.229   3.814   -0.025
0.183   3.913   -0.025
0.223   4.061   -0.022
0.165   4.111   -0.017
0.207   4.210   -0.016
0.200   4.309   -0.016
0.225   4.408   -0.015
0.182   4.508   -0.010
0.209   4.607   -0.009
0.225   4.706   -0.010
0.161   4.706   -0.011
0.220   4.706   -0.012
0.212   4.607   -0.013
0.181   4.607   -0.013
0.219   4.508   -0.014
0.207   4.408   -0.013
0.207   4.408   -0.013
0.184   4.408   -0.012
0.215   4.408   -0.011
0.175   4.309   -0.010
0.212   4.210   -0.010
0.195   4.111   -0.010
0.206   4.111   -0.005
0.225   4.012   0.007
0.185   3.962   0.011
0.205   3.962   0.019
0.184   3.864   0.020
0.206   3.864   0.020
0.204   3.864   0.019
0.204   3.764   0.016
0.226   3.666   0.016
0.205   3.517   0.013
0.245   3.369   0.013
0.225   3.269   0.013
0.181   3.269   0.009
0.187   3.269   0.008
0.246   3.171   0.008
0.161   3.171   0.007
0.206   3.171   0.007
0.206   3.071   0.003
0.223   3.071   -0.002
0.247   3.022   -0.016
0.226   2.923   -0.023
0.178   2.823   -0.028
0.211   2.823   -0.034
0.183   2.774   -0.037
0.201   2.724   -0.040
0.206   2.823   -0.039
0.206   2.823   -0.038
0.201   2.923   -0.037
0.203   3.022   -0.034
0.214   3.121   -0.028
0.223   3.170   -0.027
0.160   3.220   -0.027
0.238   3.319   -0.025
0.172   3.319   -0.016
0.203   3.319   -0.015
0.202   3.319   -0.008
0.231   3.269   -0.007
0.180   3.269   -0.003
0.188   3.269   0.006
0.206   3.269   0.020
0.199   3.369   0.029
0.202   3.369   0.029
0.221   3.467   0.029
0.192   3.467   0.028
0.218   3.467   0.025
0.198   3.418   0.025
0.178   3.369   0.025
0.201   3.319   0.024
0.203   3.319   0.024
0.204   3.269   0.024
0.206   3.220   0.024
0.208   3.220   0.024
0.224   3.171   0.024
0.161   3.171   0.022
0.208   3.171   0.015
0.230   3.071   0.012
0.188   3.071   0.009
0.187   3.071   0.008
0.206   2.973   0.008
0.218   2.873   0.008
0.205   2.575   0.008
0.229   2.279   0.008
0.241   2.030   0.009
0.170   1.832   0.009
0.201   1.733   0.009
0.204   1.634   0.009
0.205   1.585   0.009
0.206   1.585   0.012
0.214   1.585   0.012
0.189   1.585   0.012
0.203   1.585   0.012
0.188   1.585   0.012
0.206   1.535   0.011
0.203   1.684   0.012
0.208   1.783   0.017
0.200   1.882   0.022
0.238   2.129   0.027
0.234   2.279   0.026
0.227   2.377   0.026
0.246   2.377   0.018
0.230   2.279   0.012
0.242   2.279   0.004
0.223   2.279   -0.003
0.186   2.279   -0.005
0.231   2.328   -0.015
0.239   2.328   -0.020
0.210   2.279   -0.018
0.198   2.328   -0.018
0.186   2.328   -0.019
0.142   2.328   -0.020
0.206   2.328   -0.020
0.231   2.328   -0.028
0.264   2.328   -0.043
0.241   2.378   -0.060
0.212   2.427   -0.068
0.225   2.427   -0.055
0.196   2.427   -0.045
0.192   2.526   -0.020
0.202   2.526   -0.002
0.184   2.575   0.005
0.202   2.675   0.011
0.215   2.773   0.011
0.225   2.823   0.010
0.236   2.873   0.008
0.229   2.873   0.008
0.197   2.973   0.008
0.194   2.973   0.008
0.182   3.022   0.007
0.203   3.022   0.007
0.200   3.071   -0.002
0.206   3.071   -0.004
0.222   3.071   -0.008
0.184   3.071   -0.013
0.228   3.121   -0.022
0.186   3.071   -0.029
0.184   3.022   -0.034
0.220   3.022   -0.033
0.185   3.022   -0.035
0.209   3.022   -0.034
0.196   3.022   -0.023
0.225   3.071   -0.015
0.206   3.121   -0.013
0.230   3.121   -0.010
0.219   3.121   -0.011
0.193   3.171   -0.016
0.212   3.171   -0.018
0.194   3.220   -0.021
0.204   3.220   -0.020
0.249   3.220   -0.020
0.246   3.220   -0.021
0.213   3.269   -0.021
0.234   3.269   -0.020
0.252   3.319   -0.020
0.241   3.319   -0.020
0.179   3.319   -0.020
0.202   3.319   -0.021
0.237   3.269   -0.021
0.233   3.220   -0.021
0.223   3.220   -0.022
0.250   3.220   -0.023
0.204   3.220   -0.024
0.233   3.121   -0.024
0.239   3.121   -0.030
0.234   3.121   -0.035
0.258   3.121   -0.040
0.208   3.072   -0.041
0.264   3.022   -0.042
0.245   3.022   -0.041
0.227   3.022   -0.041
0.208   2.972   -0.041
0.182   2.923   -0.042
0.184   2.923   -0.042
0.203   2.923   -0.042
0.203   2.873   -0.043
0.205   2.823   -0.043
0.204   2.823   -0.042
0.222   2.823   -0.043
0.205   2.774   -0.043
0.198   2.774   -0.047
0.174   2.724   -0.050
0.213   2.724   -0.052
0.193   2.724   -0.053
0.206   2.674   -0.058
0.230   2.674   -0.057
0.183   2.724   -0.057
0.223   2.724   -0.051
0.164   2.724   -0.045
0.200   2.823   -0.040
0.208   2.823   -0.040
0.200   2.873   -0.039
0.207   2.923   -0.040
0.225   3.022   -0.040
0.209   3.022   -0.040
0.246   3.121   -0.040
0.196   3.121   -0.040
0.229   3.121   -0.046
0.246   3.220   -0.037
0.225   3.270   -0.034
0.175   3.270   -0.031
0.205   3.319   -0.028
0.237   3.369   -0.026
0.160   3.418   -0.025
0.205   3.418   -0.020
0.215   3.418   -0.017
0.212   3.517   -0.017
0.164   3.517   -0.017
0.207   3.616   -0.017
0.201   3.616   -0.017
0.206   3.715   -0.017
0.204   3.765   -0.017
0.207   3.814   -0.017
0.225   3.913   -0.017
0.202   3.913   -0.017
0.179   3.913   -0.017
0.189   4.012   -0.017
0.204   4.012   -0.017
0.205   3.962   -0.016
0.203   3.962   -0.006
0.210   3.962   -0.001
0.198   4.012   0.001
0.189   4.111   0.001
0.201   4.160   -0.001
0.206   4.160   -0.001
0.249   4.210   -0.006
0.156   4.260   -0.012
0.206   4.260   -0.014
0.231   4.260   -0.014
0.191   4.210   -0.014
0.175   4.160   -0.012
0.202   4.111   -0.012
0.235   4.111   -0.012
0.212   4.062   -0.009
0.226   3.913   -0.010
0.206   3.814   -0.009
0.203   3.666   -0.009
0.226   3.616   -0.010
0.202   3.517   -0.007
0.196   3.467   0.002
0.203   3.369   0.003
0.188   3.269   0.003
0.190   3.269   0.003
0.240   3.171   0.002
0.170   3.171   0.002
0.206   3.121   0.001
0.224   3.022   -0.002
0.163   3.022   -0.005
0.227   2.973   -0.008
0.185   2.923   -0.008
0.204   2.823   -0.004
0.200   2.773   0.002
0.202   2.675   0.008
0.231   2.575   0.007
0.210   2.477   0.001
0.265   2.427   -0.001
0.241   2.427   -0.001
0.228   2.229   -0.001
0.211   2.179   -0.002
0.243   1.931   -0.001
0.227   1.931   0.000
0.156   1.981   0.001
0.205   1.981   0.010
0.205   2.129   0.011
0.222   2.279   0.011
0.181   2.377   0.011
0.206   2.526   0.010
0.212   2.675   -0.001
0.217   2.724   -0.008
0.165   2.823   -0.014
0.206   2.873   -0.014
0.206   2.923   -0.014
0.202   2.973   -0.013
0.203   3.071   -0.013
0.208   3.121   -0.012
0.219   3.171   -0.013
0.166   3.220   -0.012
0.206   3.319   -0.007
0.216   3.418   -0.011
0.189   3.467   -0.011
0.222   3.517   -0.012
0.186   3.517   -0.011
0.200   3.517   -0.012
0.230   3.517   -0.016
0.262   3.418   -0.023
0.183   3.368   -0.032
0.189   3.319   -0.035
0.202   3.220   -0.041
0.206   3.170   -0.043
0.203   3.121   -0.048
0.206   3.072   -0.049
0.223   3.022   -0.048
0.181   3.022   -0.048
0.209   2.923   -0.045
0.184   2.923   -0.044
0.219   2.823   -0.037
0.203   2.823   -0.037
0.192   2.823   -0.037
0.201   2.823   -0.037
0.205   2.823   -0.036
0.216   2.823   -0.036
0.174   2.873   -0.035
0.203   2.823   -0.031
0.207   2.823   -0.025
0.203   2.823   -0.027
0.203   2.873   -0.032
0.206   2.873   -0.040
0.223   2.873   -0.040
0.212   2.873   -0.038
0.241   2.873   -0.036
0.200   2.823   -0.032
0.186   2.823   -0.026
0.206   2.823   -0.026
0.205   2.823   -0.019
0.203   2.823   -0.019
0.204   2.823   -0.019
0.201   2.724   -0.019
0.231   2.724   -0.018
0.178   2.724   -0.012
0.198   2.724   0.004
0.210   2.675   0.019
0.187   2.675   0.026
0.204   2.675   0.039
0.203   2.724   0.048
0.232   2.773   0.047
0.181   2.773   0.047
0.204   2.873   0.047
0.204   2.873   0.046
0.214   2.923   0.046
0.174   2.973   0.046
0.218   3.022   0.042
0.215   3.071   0.032
0.241   3.071   0.025
0.205   3.121   0.025
0.202   3.171   0.024
0.221   3.171   0.022
0.172   3.171   0.022
0.204   3.269   0.022
0.222   3.269   0.022
0.183   3.269   0.022
0.205   3.369   0.022
0.220   3.369   0.022
0.183   3.369   0.021
0.202   3.369   0.019
0.190   3.369   0.018
0.204   3.369   0.016
0.205   3.369   0.003
0.208   3.319   -0.008
0.202   3.319   -0.019
0.221   3.319   -0.021
0.208   3.319   -0.023
0.164   3.319   -0.023
0.243   3.319   -0.028
0.166   3.270   -0.028
0.206   3.270   -0.026
0.212   3.270   -0.024
0.256   3.319   -0.009
0.203   3.269   -0.001
0.221   3.269   0.002
0.215   3.269   0.004
0.180   3.220   0.010
0.182   3.171   0.017
0.223   3.171   0.018
0.229   3.171   0.018
0.161   3.220   0.018
0.204   3.171   0.018
0.205   3.171   0.026
0.230   3.171   0.034
0.226   3.171   0.037
0.245   3.171   0.037
0.264   3.220   0.037
0.200   3.269   0.032
0.204   3.269   0.025
0.170   3.269   0.021
0.203   3.269   0.021
0.203   3.369   0.016
0.205   3.369   0.017
0.202   3.369   0.023
0.231   3.369   0.031
0.224   3.467   0.036
0.234   3.467   0.036
0.239   3.467   0.035
0.233   3.517   0.036
0.187   3.567   0.036
0.193   3.567   0.036
0.189   3.517   0.038
0.214   3.567   0.041
0.194   3.616   0.040
0.200   3.616   0.040
0.205   3.616   0.037
0.229   3.666   0.035
0.243   3.666   0.026
0.210   3.715   0.013
0.222   3.715   -0.001
0.162   3.715   -0.011
0.211   3.715   -0.014
0.229   3.715   -0.013
0.172   3.715   -0.009
0.202   3.715   -0.010
0.200   3.715   -0.009
0.209   3.616   -0.008
0.224   3.616   -0.007
0.166   3.567   -0.008
0.201   3.418   -0.007
0.205   3.418   -0.008
0.203   3.418   -0.007
0.205   3.418   -0.006
0.212   3.418   -0.006
0.221   3.418   -0.000
0.160   3.418   0.005
0.206   3.467   0.009
0.233   3.467   0.016
0.176   3.467   0.017
0.249   3.517   0.017
0.215   3.467   0.018
0.205   3.467   0.029
0.203   3.567   0.035
0.230   3.467   0.035
0.204   3.369   0.035
0.179   3.369   0.035
0.187   3.418   0.035
0.205   3.467   0.035
0.203   3.517   0.035
0.204   3.467   0.037
0.232   3.517   0.039
0.176   3.616   0.042
0.229   3.616   0.044
0.162   3.616   0.045
0.205   3.715   0.044
0.214   3.764   0.045
0.194   3.814   0.044
0.204   3.913   0.043
0.229   3.913   0.040
0.242   3.913   0.037
0.205   3.913   0.037
0.225   3.814   0.037
0.166   3.864   0.036
0.203   3.913   0.035
0.204   3.962   0.034
0.207   4.012   0.030
0.203   4.012   0.020
0.203   3.962   0.015
0.206   3.864   0.003
0.200   3.764   -0.008
0.188   3.764   -0.014
0.204   3.666   -0.020
0.204   3.616   -0.015
0.204   3.517   -0.009
0.224   3.418   -0.007
0.198   3.418   -0.002
0.214   3.319   0.001
0.242   3.269   0.002
0.237   3.220   -0.000
0.234   3.171   0.000
0.231   3.071   0.000
0.210   3.022   0.002
0.233   2.773   0.002
0.241   2.377   0.002
0.250   2.030   0.002
0.190   1.783   0.002
0.188   1.733   0.002
0.202   1.684   0.002
0.205   1.733   0.002
0.200   1.733   0.002
0.201   1.783   0.002
0.209   1.882   0.010
0.211   2.030   0.018
0.220   2.079   0.024
0.250   2.179   0.023
0.211   2.229   0.023
0.167   2.279   0.023
0.208   2.279   0.020
0.243   2.377   0.016
0.226   2.377   0.010
0.223   2.377   -0.005
0.183   2.377   -0.018
0.204   2.328   -0.032
0.206   2.328   -0.040
0.222   2.328   -0.042
0.210   2.328   -0.042
0.262   2.328   -0.039
0.179   2.328   -0.035
0.230   2.328   -0.026
0.177   2.328   -0.019
0.207   2.328   -0.008
0.185   2.377   0.002
0.207   2.427   0.008
0.221   2.477   0.010
0.250   2.477   0.006
0.201   2.427   0.002
0.224   2.427   -0.006
0.185   2.427   -0.019
0.183   2.427   -0.024
0.226   2.427   -0.034
0.183   2.427   -0.042
0.206   2.378   -0.048
0.202   2.378   -0.050
0.203   2.328   -0.050
0.207   2.328   -0.039
0.184   2.328   -0.039
0.204   2.328   -0.048
0.204   2.328   -0.048
0.205   2.229   -0.048
0.249   2.229   -0.049
0.221   2.229   -0.049
0.200   2.229   -0.047
0.227   2.229   -0.036
0.205   2.279   -0.021
0.213   2.328   -0.007
0.169   2.328   -0.003
0.189   2.279   0.007
0.208   2.279   0.007
0.201   2.179   0.002
0.202   2.129   -0.015
0.221   2.030   -0.031
0.208   1.931   -0.043
0.184   1.931   -0.050
0.186   1.832   -0.060
0.217   1.783   -0.072
0.226   1.733   -0.079
0.254   1.733   -0.088
0.182   1.733   -0.087
0.204   1.684   -0.083
0.222   1.634   -0.066
0.212   1.634   -0.040
0.179   1.634   -0.032
0.184   1.634   -0.021
0.207   1.634   -0.044
0.202   1.634   -0.059
0.204   1.535   -0.084
0.243   1.535   -0.108
0.190   1.436   -0.132
0.181   1.436   -0.142
0.220   1.387   -0.163
0.169   1.387   -0.179
0.200   1.387   -0.196
0.205   1.337   -0.215
0.205   1.287   -0.232
0.205   1.287   -0.250
0.226   1.287   -0.269
0.201   1.238   -0.293
0.168   1.238   -0.311
0.200   1.238   -0.329
0.203   1.288   -0.348
0.204   1.288   -0.368
0.227   1.387   -0.369
0.181   1.387   -0.369
0.228   1.486   -0.392
0.244   1.535   -0.413
0.231   1.684   -0.424
0.204   1.783   -0.424
0.262   1.882   -0.424
0.195   1.882   -0.424
0.173   1.783   -0.424
0.208   1.783   -0.424
0.201   1.684   -0.424
0.207   1.684   -0.424
0.202   1.634   -0.424
0.204   1.535   -0.424
0.235   1.585   -0.424
0.197   1.634   -0.424
0.196   1.634   -0.424
0.193   1.684   -0.424
0.184   1.634   -0.424
0.203   1.684   -0.424
0.200   1.634   -0.418
0.220   1.585   -0.401
0.236   1.535   -0.374
0.210   1.486   -0.350
0.198   1.387   -0.337
0.297   1.337   -0.303
0.182   1.337   -0.289
0.222   1.337   -0.269
0.162   1.337   -0.250
0.208   1.337   -0.231
0.180   1.337   -0.232
0.206   1.287   -0.219
0.203   1.287   -0.198
0.233   1.189   -0.177
0.197   1.189   -0.163
0.181   1.139   -0.144
0.199   1.089   -0.142
0.190   1.089   -0.141
0.204   1.089   -0.122
0.204   1.040   -0.100
0.205   1.040   -0.089
0.220   1.040   -0.071
0.191   1.139   -0.049
0.185   1.139   -0.038
0.228   1.238   -0.017
0.205   1.238   0.000
0.173   1.288   0.020
0.204   1.288   0.032
0.227   1.386   0.050
0.242   1.386   0.068
0.202   1.486   0.084
0.209   1.585   0.098
0.223   1.634   0.111
0.164   1.733   0.116
0.204   1.783   0.116
0.204   1.832   0.117
0.223   1.931   0.117
0.186   1.931   0.123
0.202   2.030   0.132
0.229   2.030   0.131
0.163   2.080   0.128
0.205   2.129   0.112
0.206   2.129   0.095
0.204   2.129   0.087
0.244   2.079   0.071
0.160   2.079   0.062
0.230   2.030   0.057
0.242   2.030   0.058
0.206   1.981   0.058
0.227   1.981   0.050
0.242   1.981   0.033
0.203   1.981   0.033
0.174   2.030   0.034
0.191   2.079   0.047
0.203   2.079   0.047
0.221   2.079   0.047
0.185   2.079   0.041
0.250   2.179   0.031
0.223   2.179   0.026
0.203   2.179   0.025
0.212   2.229   0.023
0.222   2.229   0.011
0.164   2.229   0.003
0.224   2.229   -0.003
0.187   2.229   -0.005
0.196   2.279   -0.004
0.204   2.328   -0.003
0.204   2.328   -0.003
0.208   2.328   -0.017
0.184   2.328   -0.031
0.206   2.328   -0.038
0.202   2.378   -0.039
0.204   2.328   -0.031
0.206   2.328   -0.019
0.202   2.328   -0.015
0.203   2.229   -0.010
0.205   2.229   -0.007
0.187   2.179   -0.007
0.211   2.129   -0.008
0.198   2.129   -0.010
0.204   2.030   -0.013
0.205   2.030   -0.013
0.218   2.030   -0.013
0.192   1.981   -0.014
0.212   1.931   -0.025
0.179   1.931   -0.031
0.203   1.882   -0.042
0.204   1.832   -0.043
0.204   1.931   -0.043
0.224   2.030   -0.042
0.190   2.129   -0.039
0.204   2.328   -0.037
0.185   2.427   -0.035
0.242   2.526   -0.033
0.202   2.526   -0.035
0.168   2.576   -0.044
0.202   2.625   -0.049
0.222   2.674   -0.049
0.195   2.724   -0.035
0.220   2.774   -0.027
0.162   2.823   -0.026
0.229   2.823   -0.037
0.177   2.873   -0.043
0.206   2.873   -0.060
0.203   2.972   -0.076
0.213   2.972   -0.079
0.229   2.972   -0.077
0.240   2.972   -0.070
0.218   2.972   -0.063
0.264   3.022   -0.056
0.188   3.022   -0.056
0.185   3.022   -0.061
0.204   3.072   -0.062
0.205   3.022   -0.061
0.203   3.022   -0.061
0.205   3.022   -0.056
0.204   3.022   -0.054
0.226   3.072   -0.052
0.179   3.022   -0.041
0.189   3.022   -0.030
0.218   3.022   -0.026
0.189   3.022   -0.026
0.203   3.022   -0.026
0.225   3.022   -0.026
0.207   3.022   -0.023
0.200   3.022   -0.012
0.186   3.022   -0.002
0.185   3.071   0.002
0.251   3.071   0.002
0.220   3.071   0.002
0.205   3.071   0.002
0.224   3.022   0.002
0.186   3.022   -0.001
0.204   3.022   -0.009
0.222   3.022   -0.026
0.209   3.022   -0.042
0.163   2.972   -0.051
0.205   2.972   -0.069
0.204   2.972   -0.081
0.207   2.873   -0.081
0.203   2.873   -0.081
0.203   2.873   -0.080
0.226   2.923   -0.076
0.181   2.873   -0.077
0.186   2.923   -0.077
0.203   2.923   -0.077
0.248   2.972   -0.077
0.164   2.972   -0.077
0.246   2.972   -0.073
0.225   3.022   -0.063
0.250   3.072   -0.057
0.158   3.121   -0.054
0.229   3.121   -0.050
0.189   3.121   -0.044
0.178   3.170   -0.031
0.204   3.220   -0.023
0.202   3.269   -0.016
0.204   3.319   -0.015
0.237   3.369   -0.008
0.237   3.369   -0.008
0.203   3.418   -0.008
0.229   3.369   -0.008
0.179   3.418   -0.011
0.289   3.418   -0.028
0.185   3.418   -0.035
0.216   3.418   -0.054
0.174   3.368   -0.066
0.202   3.418   -0.069
0.204   3.468   -0.069
0.204   3.468   -0.068
0.205   3.468   -0.068
0.203   3.468   -0.068
0.223   3.517   -0.067
0.167   3.567   -0.059
0.244   3.616   -0.041
0.265   3.616   -0.028
0.166   3.616   -0.020
0.204   3.666   -0.012
0.205   3.715   -0.013
0.205   3.814   -0.013
0.200   3.814   -0.013
0.208   3.814   -0.013
0.229   3.864   -0.013
0.264   3.913   -0.014
0.183   3.864   -0.027
0.186   3.913   -0.035
0.202   3.765   -0.050
0.242   3.666   -0.062
0.168   3.666   -0.071
0.198   3.567   -0.078
0.227   3.567   -0.086
0.181   3.517   -0.087
0.222   3.468   -0.087
0.169   3.368   -0.084
0.205   3.368   -0.073
0.205   3.368   -0.070
0.202   3.319   -0.064
0.204   3.319   -0.064
0.238   3.270   -0.058
0.234   3.220   -0.051
0.240   3.220   -0.041
0.249   3.170   -0.039
0.188   3.121   -0.039
0.222   3.121   -0.040
0.168   3.121   -0.040
0.230   3.121   -0.039
0.181   3.121   -0.039
0.216   3.121   -0.039
0.191   3.121   -0.038
0.201   3.220   -0.039
0.241   3.220   -0.038
0.235   3.220   -0.035
0.199   3.220   -0.030
0.190   3.319   -0.030
0.173   3.319   -0.029
0.228   3.319   -0.029
0.196   3.368   -0.027
0.190   3.418   -0.022
0.205   3.418   -0.019
0.203   3.418   -0.017
0.214   3.369   -0.016
0.194   3.319   -0.014
0.185   3.319   -0.012
0.201   3.319   -0.012
0.206   3.319   -0.018
0.204   3.220   -0.019
0.204   3.220   -0.020
0.221   3.220   -0.018
0.185   3.171   -0.010
0.205   3.121   -0.013
0.185   3.121   -0.014
0.204   3.121   -0.018
0.220   3.022   -0.031
0.189   3.022   -0.037
0.202   3.022   -0.044
0.202   2.972   -0.058
0.231   2.923   -0.072
0.226   2.873   -0.081
0.246   2.774   -0.080
0.225   2.774   -0.078
0.229   2.774   -0.067
0.183   2.724   -0.062
0.203   2.724   -0.045
0.205   2.724   -0.031
0.236   2.625   -0.034
0.172   2.625   -0.041
0.204   2.625   -0.053
0.223   2.625   -0.060
0.209   2.625   -0.058
0.164   2.625   -0.058
0.216   2.625   -0.049
0.191   2.625   -0.041
0.239   2.625   -0.027
0.254   2.625   -0.009
0.224   2.675   -0.003
0.196   2.675   -0.001
0.170   2.773   -0.001
0.204   2.773   -0.001
0.226   2.823   -0.001
0.272   2.923   -0.000
0.173   2.973   0.001
0.189   3.071   0.014
0.201   3.071   0.022
0.243   3.171   0.035
0.243   3.171   0.037
0.168   3.171   0.036
0.203   3.171   0.025
0.208   3.269   0.013
0.201   3.269   0.009
0.229   3.369   0.005
0.163   3.467   0.005
0.224   3.517   0.002
0.182   3.567   0.002
0.212   3.616   0.001
0.194   3.715   -0.002
0.255   3.764   -0.002
0.217   3.814   -0.012
0.203   3.814   -0.012
0.230   3.715   -0.012
0.184   3.715   -0.008
0.182   3.715   -0.001
0.202   3.666   0.003
0.206   3.666   0.002
0.205   3.567   -0.003
0.202   3.467   -0.003
0.205   3.319   -0.003
0.207   3.220   -0.003
0.212   3.121   -0.005
0.191   3.071   -0.010
0.187   3.022   -0.022
0.207   2.923   -0.032
0.201   2.873   -0.032
0.206   2.823   -0.029
0.229   2.724   -0.017
0.188   2.724   -0.017
0.178   2.625   -0.016
0.204   2.625   -0.017
0.206   2.427   -0.017
0.221   2.377   -0.017
0.206   2.229   -0.022
0.201   2.129   -0.037
0.191   2.030   -0.052
0.223   1.981   -0.062
0.173   1.981   -0.068
0.193   2.080   -0.068
0.204   2.129   -0.067
0.232   2.378   -0.057
0.176   2.526   -0.042
0.206   2.724   -0.030
0.225   2.724   -0.019
0.242   2.923   -0.014
0.219   2.973   -0.006
0.207   3.121   -0.007
0.269   3.269   -0.007
0.211   3.319   -0.007
0.218   3.517   -0.007
0.248   3.616   -0.007
0.163   3.715   -0.007
0.203   3.814   -0.007
0.203   3.913   -0.007
0.206   4.012   -0.007
0.205   4.111   -0.007
0.203   4.160   -0.007
0.230   4.210   -0.008
0.242   4.309   -0.020
0.203   4.309   -0.032
0.224   4.259   -0.034
0.167   4.309   -0.033
0.209   4.210   -0.021
0.203   4.210   -0.011
0.227   3.962   -0.003
0.239   3.814   -0.001
0.206   3.616   -0.006
0.205   3.517   -0.012
0.199   3.319   -0.017
0.209   3.220   -0.017
0.198   3.121   -0.014
0.188   3.022   -0.008
0.215   2.973   -0.007
0.249   2.923   -0.007
0.207   2.923   -0.007
0.205   2.923   -0.007
0.205   2.923   -0.007
0.205   2.973   -0.011
0.223   3.022   -0.011
0.192   3.022   -0.012
0.176   3.022   -0.014
0.205   3.022   -0.020
0.220   3.022   -0.020
0.189   2.973   -0.021
0.250   3.022   -0.030
0.173   3.022   -0.033
0.188   2.972   -0.033
0.200   2.972   -0.034
0.206   2.972   -0.033
0.190   2.923   -0.020
0.201   2.923   -0.011
0.205   2.923   0.006
0.204   2.873   0.022
0.210   2.873   0.034
0.197   2.873   0.044
0.189   2.823   0.046
0.209   2.823   0.047
0.213   2.823   0.047
0.189   2.773   0.053
0.202   2.724   0.052
0.206   2.823   0.049
0.232   2.873   0.041
0.237   2.873   0.034
0.212   2.873   0.030
0.197   2.823   0.020
0.228   2.873   0.016
0.163   2.873   0.016
0.204   2.873   0.015
0.204   2.773   0.016
0.205   2.724   0.013
0.201   2.724   0.014
0.202   2.675   0.014
0.227   2.675   0.013
0.170   2.675   0.012
0.201   2.724   0.008
0.205   2.773   0.007
0.225   2.823   0.007
0.184   2.823   0.007
0.222   2.923   0.007
0.204   2.973   0.007
0.168   3.022   0.003
0.237   3.071   -0.008
0.169   3.121   -0.010
0.206   3.121   -0.007
0.202   3.121   -0.008
0.204   3.121   -0.006
0.205   3.171   0.005
0.230   3.171   0.007
0.160   3.220   0.005
0.225   3.269   -0.001
0.186   3.319   -0.001
0.201   3.269   0.000
0.227   3.319   0.004
0.206   3.369   0.002
0.279   3.369   0.002
0.166   3.418   0.001
0.211   3.418   0.001
0.180   3.418   -0.001
0.206   3.418   -0.000
0.203   3.418   -0.000
0.252   3.418   0.006
0.154   3.467   0.008
0.204   3.467   0.008
0.203   3.467   0.008
0.217   3.467   0.003
0.172   3.517   -0.007
0.206   3.517   -0.011
0.203   3.517   -0.011
0.240   3.517   -0.013
0.167   3.517   -0.020
0.246   3.517   -0.017
0.226   3.517   -0.017
0.252   3.517   -0.016
0.241   3.517   -0.015
0.184   3.517   -0.006
0.204   3.567   -0.008
0.203   3.616   -0.007
0.209   3.616   -0.006
0.177   3.616   -0.006
0.219   3.616   0.001
0.191   3.567   0.000
0.208   3.567   -0.001
0.237   3.567   -0.001
0.228   3.517   0.002
0.204   3.517   0.003
0.204   3.517   0.003
0.226   3.517   0.001
0.246   3.467   0.002
0.208   3.467   0.002
0.181   3.467   0.001
0.207   3.418   -0.001
0.201   3.418   -0.009
0.205   3.418   -0.015
0.200   3.368   -0.025
0.206   3.319   -0.036
0.209   3.319   -0.050
0.181   3.270   -0.056
0.253   3.270   -0.057
0.219   3.220   -0.057
0.205   3.170   -0.058
0.246   3.121   -0.056
0.163   3.121   -0.054
0.201   3.072   -0.047
0.205   3.022   -0.041
0.208   2.972   -0.035
0.198   2.923   -0.035
0.200   2.923   -0.036
0.226   2.873   -0.046
0.231   2.823   -0.045
0.218   2.625   -0.044
0.194   2.476   -0.045
0.213   2.229   -0.036
0.192   2.030   -0.025
0.205   2.030   -0.020
0.230   2.030   -0.021
0.202   2.079   -0.020
0.270   2.328   -0.021
0.240   2.427   -0.025
0.228   2.674   -0.038
0.254   2.724   -0.043
0.233   2.724   -0.050
0.221   2.724   -0.050
0.208   2.774   -0.049
0.215   2.823   -0.049
0.252   2.823   -0.049
0.225   2.873   -0.049
0.213   2.873   -0.049
0.239   2.923   -0.049
0.228   2.972   -0.049
0.258   2.972   -0.048
0.310   2.972   -0.045
0.209   2.972   -0.030
0.205   3.022   -0.022
0.204   2.973   -0.008
0.201   2.973   0.002
0.190   2.973   0.004
0.225   2.973   0.006
0.208   2.973   0.009
0.243   2.973   0.007
0.218   2.973   0.012
0.240   2.973   0.022
0.154   2.973   0.027
0.206   2.973   0.034
0.221   2.973   0.035
0.270   2.923   0.035
0.182   2.923   0.035
0.288   2.873   0.035
0.183   2.873   0.033
0.269   2.873   0.021
0.226   2.773   0.008
0.247   2.724   -0.003
0.203   2.625   -0.004
0.317   2.575   -0.005
0.241   2.526   -0.023
0.217   2.427   -0.033
0.202   2.427   -0.039
0.229   2.427   -0.050
0.244   2.427   -0.062
0.300   2.427   -0.068
0.168   2.427   -0.068
0.206   2.427   -0.068
0.205   2.427   -0.067
0.267   2.427   -0.060
0.219   2.476   -0.054
0.260   2.526   -0.049
0.187   2.526   -0.039
0.207   2.625   -0.030
0.201   2.625   -0.027
0.230   2.625   -0.026
0.265   2.724   -0.026
0.184   2.823   -0.026
0.184   2.823   -0.026
0.210   2.923   -0.025
0.243   2.923   -0.022
0.221   3.022   -0.019
0.206   3.071   -0.020
0.200   3.121   -0.019
0.247   3.220   -0.019
0.222   3.220   -0.020
0.204   3.220   -0.020
0.205   3.269   -0.019
0.205   3.220   -0.013
0.267   3.269   -0.007
0.203   3.220   -0.007
0.206   3.171   -0.007
0.188   3.171   -0.007
0.209   3.171   -0.007
0.209   3.121   -0.007
0.255   3.121   -0.014
0.206   3.022   -0.021
0.204   2.973   -0.021
0.203   2.923   -0.021
0.204   2.923   -0.020
0.204   2.823   -0.022
0.211   2.724   -0.033
0.179   2.724   -0.040
0.203   2.674   -0.041
0.207   2.625   -0.040
0.239   2.625   -0.040
0.167   2.576   -0.039
0.223   2.526   -0.040
0.215   2.526   -0.040
0.239   2.526   -0.039
0.227   2.427   -0.039
0.246   2.476   -0.039
0.204   2.476   -0.038
0.207   2.476   -0.038
0.265   2.526   -0.038
0.206   2.526   -0.037
0.184   2.526   -0.036
0.266   2.526   -0.035
0.221   2.526   -0.033
0.233   2.526   -0.028
0.218   2.526   -0.028
0.207   2.526   -0.028
0.202   2.526   -0.028
0.205   2.576   -0.028
0.207   2.625   -0.028
0.203   2.625   -0.028
0.203   2.625   -0.028
0.268   2.674   -0.027
0.203   2.625   -0.027
0.227   2.724   -0.026
0.166   2.724   -0.014
0.204   2.724   -0.007
0.206   2.724   -0.007
0.262   2.724   0.001
0.239   2.773   0.011
0.233   2.773   0.021
0.203   2.873   0.020
0.206   2.873   0.020
0.206   2.973   0.021
0.199   2.973   0.021
0.250   2.973   0.020
0.224   3.022   0.020
0.204   3.022   0.021
0.229   3.071   0.021
0.241   3.071   0.021
0.211   3.022   0.024
0.227   2.973   0.024
0.240   2.973   0.022
0.231   2.973   0.022
0.259   2.873   0.015
0.250   2.873   0.015
0.204   2.823   0.009
0.231   2.773   -0.002
0.239   2.724   -0.013
0.234   2.724   -0.021
0.236   2.724   -0.029
0.224   2.724   -0.033
0.249   2.724   -0.033
0.231   2.724   -0.036
0.240   2.724   -0.040
0.232   2.823   -0.040
0.245   2.823   -0.038
0.201   2.823   -0.039
0.207   2.823   -0.039
0.182   2.873   -0.038
0.204   2.923   -0.030
0.203   2.923   -0.028
0.237   2.923   -0.027
0.235   3.022   -0.027
0.204   3.121   -0.026
0.204   3.121   -0.021
0.205   3.220   -0.016
0.225   3.220   -0.016
0.244   3.319   -0.016
0.215   3.319   -0.016
0.258   3.369   -0.008
0.203   3.418   -0.008
0.312   3.467   -0.008
0.221   3.517   -0.010
0.205   3.517   -0.010
0.208   3.567   -0.010
0.223   3.616   -0.011
0.247   3.616   -0.017
0.270   3.715   -0.020
0.209   3.715   -0.020
0.272   3.715   -0.019
0.186   3.715   -0.020
0.203   3.764   -0.020
0.202   3.715   -0.019
0.207   3.814   -0.019
0.189   3.715   -0.017
0.199   3.715   -0.017
0.209   3.715   -0.013
0.200   3.715   -0.006
0.205   3.666   0.000
0.204   3.616   0.003
0.204   3.666   0.011
0.185   3.567   0.020
0.220   3.567   0.026
0.255   3.567   0.026
0.205   3.567   0.026
0.201   3.517   0.024
0.202   3.517   0.017
0.204   3.567   0.013
0.247   3.567   0.009
0.224   3.567   0.003
0.209   3.567   -0.003
0.200   3.567   -0.003
0.225   3.567   -0.006
0.273   3.567   -0.014
0.201   3.567   -0.017
0.243   3.567   -0.027
0.233   3.567   -0.036
0.241   3.567   -0.040
0.224   3.567   -0.039
0.245   3.567   -0.038
0.218   3.567   -0.034
0.171   3.517   -0.026
0.205   3.517   -0.022
0.202   3.517   -0.017
0.208   3.517   -0.016
0.202   3.517   -0.015
0.206   3.517   -0.008
0.201   3.517   -0.008
0.206   3.517   -0.008
0.187   3.517   -0.008
0.201   3.517   -0.007
0.203   3.567   -0.007
0.204   3.567   -0.007
0.205   3.567   -0.007
0.202   3.616   -0.007
0.228   3.616   -0.008
0.198   3.666   -0.008
0.169   3.666   -0.008
0.218   3.715   -0.008
0.189   3.814   -0.008
0.206   3.814   -0.008
0.202   3.913   -0.008
0.202   3.962   -0.008
0.210   3.962   -0.008
0.182   3.962   -0.008
0.204   3.962   -0.008
0.238   3.962   -0.008
0.170   4.012   -0.008
0.205   4.012   -0.008
0.203   4.012   -0.008
0.221   4.012   -0.008
0.212   4.062   -0.008
0.164   4.111   -0.008
0.203   4.062   -0.008
0.206   4.111   -0.008
0.201   4.111   -0.009
0.205   4.160   -0.009
0.204   4.160   -0.009
0.232   4.210   -0.009
0.161   4.210   -0.009
0.243   4.210   -0.009
0.162   4.260   -0.009
0.206   4.309   -0.009
0.202   4.309   -0.009
0.205   4.358   -0.010
0.228   4.408   -0.010
0.198   4.458   -0.011
0.185   4.558   -0.011
0.187   4.607   -0.013
0.203   4.706   -0.014
0.204   4.756   -0.021
0.206   4.755   -0.025
0.203   4.706   -0.029
0.204   4.607   -0.030
0.205   4.657   -0.029
0.191   4.706   -0.028
0.199   4.805   -0.026
0.222   4.904   -0.026
0.186   5.003   -0.026
0.204   5.053   -0.026
0.218   5.152   -0.022
0.251   5.251   -0.017
0.222   5.301   -0.017
0.217   5.202   -0.016
0.159   5.202   -0.012
0.204   5.052   -0.007
0.208   4.954   -0.007
0.209   4.854   -0.007
0.192   4.756   -0.007
0.220   4.706   -0.007
0.205   4.607   -0.007
0.251   4.558   -0.008
0.206   4.458   -0.009
0.265   4.408   -0.012
0.207   4.358   -0.021
0.227   4.309   -0.033
0.160   4.259   -0.041
0.205   4.161   -0.052
0.206   4.161   -0.057
0.201   4.061   -0.061
0.245   4.061   -0.061
0.161   3.963   -0.054
0.233   3.913   -0.044
0.180   3.863   -0.045
0.182   3.863   -0.047
0.204   3.765   -0.046
0.201   3.765   -0.046
0.204   3.715   -0.039
0.242   3.616   -0.024
0.169   3.616   -0.012
0.214   3.616   -0.002
0.199   3.567   0.007
0.182   3.666   0.003
0.234   3.764   -0.005
0.173   3.814   -0.005
0.205   3.962   -0.008
0.204   4.012   -0.010
0.233   4.160   -0.010
0.192   4.210   -0.010
0.208   4.309   -0.010
0.163   4.309   -0.009
0.204   4.309   -0.010
0.204   4.260   -0.010
0.206   4.210   -0.010
0.203   4.210   -0.010
0.225   4.210   -0.006
0.201   4.260   -0.000
0.167   4.260   0.001
0.204   4.309   0.001
0.204   4.358   -0.001
0.206   4.309   -0.002
0.201   4.309   -0.003
0.219   4.260   -0.012
0.213   4.210   -0.014
0.166   4.210   -0.014
0.218   4.160   -0.015
0.188   4.111   -0.021
0.244   4.111   -0.020
0.163   4.111   -0.020
0.205   4.062   -0.016
0.225   4.062   -0.009
0.166   4.062   -0.010
0.203   4.111   -0.010
0.205   4.111   -0.013
0.208   4.111   -0.020
0.200   4.111   -0.020
0.204   4.160   -0.020
0.218   4.210   -0.019
0.195   4.210   -0.015
0.186   4.210   -0.012
0.198   4.210   -0.012
0.249   4.210   -0.011
0.161   4.210   -0.011
0.205   4.210   -0.011
0.204   4.210   -0.011
0.218   4.210   -0.011
0.172   4.210   -0.011
0.223   4.210   -0.011
0.187   4.210   -0.011
0.202   4.210   -0.011
0.205   4.210   -0.011
0.203   4.160   -0.011
0.206   4.111   -0.011
0.264   4.111   -0.014
0.206   4.111   -0.014
0.225   4.111   -0.014
0.244   3.962   -0.013
0.223   3.864   -0.013
0.166   3.666   -0.013
0.204   3.517   -0.013
0.205   3.418   -0.013
0.200   3.369   -0.013
0.203   3.319   -0.010
0.208   3.269   -0.010
0.199   3.269   -0.010
0.206   3.269   -0.010
0.187   3.269   -0.010
0.238   3.269   -0.013
0.192   3.319   -0.016
0.177   3.319   -0.018
0.209   3.220   -0.016
0.199   3.220   -0.017
0.211   3.220   -0.017
0.184   3.121   -0.017
0.199   3.121   -0.017
0.203   3.121   -0.018
0.203   3.220   -0.020
0.259   3.220   -0.020
0.215   3.269   -0.020
0.243   3.319   -0.020
0.162   3.418   -0.020
0.214   3.517   -0.020
0.212   3.715   -0.020
0.211   3.814   -0.020
0.224   3.913   -0.021
0.205   4.012   -0.026
0.227   4.061   -0.029
0.178   4.161   -0.029
0.207   4.210   -0.029
0.201   4.259   -0.029
0.204   4.259   -0.030
0.220   4.210   -0.030
0.306   4.111   -0.030
0.212   4.111   -0.029
0.204   4.210   -0.027
0.227   4.160   -0.016
0.205   4.062   -0.006
0.167   4.062   -0.001
0.248   3.962   0.001
0.251   3.864   -0.001
0.175   3.814   -0.001
0.204   3.764   -0.002
0.218   3.666   -0.009
0.187   3.616   -0.010
0.206   3.616   -0.010
0.203   3.616   -0.010
0.205   3.616   -0.011
0.185   3.517   -0.019
0.204   3.517   -0.021
0.212   3.418   -0.023
0.194   3.418   -0.023
0.205   3.319   -0.023
0.204   3.220   -0.023
0.204   3.220   -0.023
0.189   3.220   -0.025
0.205   3.220   -0.031
0.199   3.220   -0.030
0.205   3.270   -0.033
0.203   3.270   -0.052
0.205   3.270   -0.063
0.201   3.170   -0.072
0.223   3.121   -0.082
0.193   3.072   -0.099
0.261   2.972   -0.112
0.190   2.922   -0.122
0.224   2.824   -0.125
0.188   2.724   -0.121
0.192   2.674   -0.112
0.206   2.625   -0.114
0.203   2.576   -0.115
0.238   2.476   -0.125
0.234   2.427   -0.133
0.248   2.427   -0.142
0.224   2.427   -0.148
0.203   2.427   -0.148
0.208   2.427   -0.148
0.183   2.427   -0.148
0.217   2.427   -0.148
0.191   2.427   -0.148
0.206   2.427   -0.148
0.202   2.378   -0.148
0.220   2.427   -0.148
0.192   2.427   -0.148
0.224   2.427   -0.148
0.164   2.427   -0.148
0.212   2.427   -0.147
0.197   2.427   -0.143
0.201   2.427   -0.133
0.206   2.427   -0.119
0.201   2.476   -0.104
0.203   2.476   -0.092
0.185   2.476   -0.067
0.220   2.476   -0.043
0.189   2.526   -0.033
0.228   2.526   -0.016
0.180   2.526   0.001
0.206   2.575   0.016
0.198   2.575   0.024
0.224   2.575   0.033
0.270   2.675   0.034
0.206   2.675   0.032
0.241   2.773   0.018
0.218   2.773   0.006
0.173   2.823   -0.005
0.204   2.823   -0.011
0.203   2.923   -0.014
0.243   3.022   -0.026
0.205   3.022   -0.029
0.164   2.923   -0.026
0.204   3.022   -0.013
0.207   3.071   -0.006
0.233   3.121   0.003
0.251   3.171   0.004
0.171   3.171   0.004
0.222   3.171   0.008
0.203   3.171   0.008
0.185   3.171   0.008
0.204   3.171   0.008
0.204   3.071   0.008
0.207   3.121   0.004
0.184   3.071   0.004
0.203   3.022   -0.004
0.248   3.022   -0.014
0.162   3.022   -0.014
0.204   2.973   -0.014
0.248   2.973   -0.022
0.177   2.923   -0.032
0.207   2.923   -0.033
0.166   2.823   -0.033
0.204   2.823   -0.030
0.208   2.823   -0.023
0.200   2.823   -0.018
0.253   2.823   -0.013
0.220   2.823   -0.007
0.223   2.823   -0.007
0.250   2.773   -0.007
0.205   2.724   -0.007
0.220   2.724   -0.007
0.208   2.724   -0.007
0.186   2.724   -0.008
0.187   2.724   -0.012
0.205   2.724   -0.021
0.253   2.823   -0.024
0.238   2.923   -0.031
0.183   2.972   -0.026
0.204   3.121   -0.025
0.221   3.171   -0.021
0.187   3.220   -0.031
0.202   3.220   -0.030
0.218   3.170   -0.031
0.174   3.220   -0.033
0.243   3.220   -0.033
0.228   3.220   -0.032
0.204   3.220   -0.032
0.205   3.220   -0.030
0.204   3.220   -0.029
0.222   3.270   -0.028
0.184   3.319   -0.028
0.226   3.368   -0.024
0.168   3.418   -0.026
0.201   3.418   -0.029
0.204   3.468   -0.030
0.206   3.517   -0.029
0.205   3.616   -0.029
0.202   3.616   -0.028
0.206   3.616   -0.024
0.204   3.715   -0.012
0.186   3.715   -0.004
0.203   3.666   0.005
0.203   3.567   0.009
0.208   3.567   0.009
0.201   3.467   0.009
0.204   3.269   0.010
0.232   3.171   0.017
0.204   3.071   0.018
0.239   3.071   0.018
0.207   2.973   0.017
0.183   2.973   0.017
0.206   2.973   0.017
0.206   2.973   0.017
0.202   2.973   0.017
0.204   2.973   0.017
0.246   3.022   0.016
0.226   3.071   0.009
0.210   2.973   0.007
0.225   2.973   0.001
0.202   2.923   0.001
0.164   2.873   -0.010
0.204   2.675   -0.010
0.202   2.823   -0.018
0.241   2.823   -0.031
0.167   2.972   -0.047
0.226   3.121   -0.048
0.214   3.220   -0.049
0.237   3.270   -0.048
0.225   3.368   -0.045
0.162   3.319   -0.045
0.211   3.368   -0.045
0.208   3.319   -0.046
0.195   3.368   -0.051
0.245   3.319   -0.049
0.264   3.270   -0.042
0.193   3.220   -0.037
0.201   3.220   -0.037
0.182   3.220   -0.037
0.209   3.170   -0.037
0.184   3.121   -0.038
0.200   3.072   -0.039
0.204   3.022   -0.038
0.231   2.923   -0.039
0.225   2.823   -0.038
0.157   2.823   -0.038
0.204   2.724   -0.038
0.188   2.724   -0.028
0.201   2.625   -0.023
0.206   2.575   -0.015
0.208   2.526   -0.007
0.202   2.477   0.002
0.203   2.477   0.007
0.202   2.427   0.014
0.207   2.427   0.014
0.183   2.427   0.014
0.204   2.377   0.014
0.240   2.377   0.014
0.174   2.377   0.014
0.198   2.377   0.014
0.208   2.377   0.015
0.200   2.377   0.014
0.206   2.377   0.014
0.227   2.427   0.011
0.195   2.427   0.004
0.210   2.477   0.005
0.185   2.477   0.005
0.184   2.526   0.006
0.204   2.526   0.008
0.234   2.575   0.008
0.237   2.625   0.007
0.229   2.625   0.007
0.163   2.625   0.006
0.202   2.675   0.006
0.227   2.675   0.010
0.182   2.675   0.014
0.205   2.675   0.019
0.205   2.675   0.024
0.205   2.675   0.029
0.204   2.675   0.029
0.184   2.675   0.030
0.224   2.675   0.028
0.169   2.675   0.028
0.206   2.675   0.028
0.204   2.675   0.022
0.205   2.575   0.018
0.219   2.575   0.013
0.293   2.526   0.007
0.161   2.526   0.007
0.210   2.477   0.003
0.182   2.526   -0.003
0.200   2.476   -0.003
0.205   2.477   -0.004
0.203   2.427   -0.005
0.211   2.427   -0.007
0.196   2.427   -0.011
0.214   2.377   -0.011
0.181   2.427   -0.011
0.202   2.328   -0.011
0.202   2.427   -0.011
0.242   2.427   -0.011
0.165   2.427   -0.013
0.244   2.427   -0.020
0.180   2.526   -0.020
0.197   2.427   -0.027
0.222   2.526   -0.040
0.160   2.476   -0.045
0.239   2.476   -0.047
0.171   2.476   -0.049
0.205   2.526   -0.049
0.218   2.576   -0.048
0.196   2.625   -0.048
0.221   2.625   -0.049
0.248   2.526   -0.048
0.213   2.526   -0.049
0.169   2.526   -0.048
0.205   2.526   -0.048
0.248   2.476   -0.046
0.227   2.476   -0.045
0.203   2.427   -0.044
0.219   2.526   -0.040
0.204   2.576   -0.036
0.220   2.625   -0.035
0.232   2.625   -0.029
0.206   2.625   -0.030
0.223   2.625   -0.030
0.208   2.625   -0.030
0.162   2.625   -0.030
0.205   2.526   -0.029
0.221   2.526   -0.026
0.187   2.625   -0.015
0.204   2.625   -0.006
0.221   2.625   -0.005
0.185   2.675   0.000
0.189   2.724   0.001
0.204   2.773   0.005
0.202   2.823   0.014
0.207   2.773   0.021
0.201   2.773   0.025
0.247   2.724   0.026
0.223   2.675   0.026
0.205   2.675   0.026
0.202   2.625   0.026
0.213   2.675   0.026
0.184   2.675   0.026
0.261   2.773   0.014
0.251   2.823   0.004
0.238   2.873   -0.001
0.189   2.923   -0.003
0.201   2.873   -0.012
0.203   2.823   -0.021
0.207   2.774   -0.025
0.200   2.724   -0.030
0.226   2.724   -0.032
0.184   2.724   -0.038
0.232   2.674   -0.050
0.242   2.625   -0.060
0.208   2.576   -0.062
0.181   2.576   -0.062
0.204   2.526   -0.062
0.206   2.476   -0.062
0.239   2.476   -0.061
0.165   2.427   -0.059
0.241   2.378   -0.053
0.228   2.378   -0.044
0.231   2.328   -0.038
0.241   2.378   -0.038
0.204   2.427   -0.038
0.229   2.427   -0.034
0.179   2.427   -0.028
0.199   2.427   -0.025
0.193   2.427   -0.022
0.205   2.477   -0.014
0.204   2.477   0.001
0.203   2.526   0.003
0.231   2.526   0.010
0.289   2.575   0.018
0.238   2.625   0.021
0.185   2.675   0.021
0.206   2.773   0.021
0.201   2.773   0.020
0.223   2.873   0.020
0.168   2.873   0.019
0.238   2.973   0.016
0.171   2.973   0.011
0.204   3.022   0.007
0.204   3.071   0.005
0.202   3.071   0.004
0.225   3.121   0.002
0.166   3.121   -0.002
0.204   3.121   -0.005
0.203   3.022   -0.014
0.228   3.022   -0.020
0.221   2.923   -0.023
0.255   2.923   -0.023
0.214   2.923   -0.023
0.162   2.823   -0.022
0.205   2.923   -0.016
0.206   2.923   -0.005
0.190   2.973   -0.005
0.198   2.973   -0.001
0.223   3.022   -0.002
0.228   2.973   -0.011
0.224   2.923   -0.010
0.223   2.873   0.001
0.185   2.823   0.002
0.221   2.773   0.001
0.226   2.724   -0.010
0.231   2.625   -0.018
0.226   2.625   -0.032
0.208   2.526   -0.035
0.159   2.526   -0.031
0.222   2.427   -0.022
0.189   2.427   -0.023
0.204   2.427   -0.023
0.203   2.328   -0.023
0.203   2.328   -0.023
0.228   2.328   -0.022
0.244   2.129   -0.011
0.206   1.931   -0.002
0.223   1.783   0.004
0.164   1.634   0.012
0.203   1.486   0.018
0.202   1.436   0.018
0.217   1.337   0.018
0.191   1.238   0.018
0.206   1.139   0.018
0.202   1.040   0.017
0.187   0.941   0.017
0.225   0.892   0.017
0.182   0.842   0.017
0.244   0.792   0.017
0.164   0.742   0.017
0.224   0.742   0.017
0.196   0.692   0.017
0.196   0.692   0.017
0.190   0.643   0.017
0.212   0.643   0.017
0.206   0.594   0.017
0.186   0.594   0.017
0.205   0.544   0.017
0.200   0.544   0.017
0.217   0.544   0.017
0.174   0.494   0.017
0.225   0.445   0.017
0.184   0.346   0.017
0.204   0.346   0.017
0.205   0.346   0.017
0.202   0.000   0.017
0.205   0.000   0.017
0.230   0.000   0.017
0.240   0.000   0.017
0.208   0.000   0.017
0.184   0.000   0.017
0.205   0.000   0.017
0.204   0.000   0.017
0.223   0.000   0.017
0.186   0.000   0.017
0.203   0.000   0.017
0.205   0.000   0.017
0.186   0.000   0.017
0.202   0.000   0.017
0.206   0.000   0.017
0.225   0.000   0.017
0.183   0.000   0.017
0.204   0.000   0.017
0.202   0.000   0.017
0.204   0.000   0.017
0.186   0.000   0.017
0.204   0.000   0.017
0.207   0.000   0.017
0.204   0.000   0.017
0.204   0.000   0.017
0.202   0.000   0.017
0.207   0.000   0.017
